100 74
188458.720000
-37550 21227
39301 -12082
-41211 7111
39061 -30337
29204 -51577
33876 87010
-482 62120
-54149 -15130
38233 41812
-7299 -98217
89564 -80521
25218 89859
-12232 92891
-2463 -95923
97274 38732
-20320 -13451
-19217 79043
82535 12003
7671 -75660
-98682 7333
50206 49727
48612 62003
86746 -76720
-57436 -13480
80106 94768
-9106 -5251
-10714 45356
-64650 -12725
-81602 -33867
18784 67796
-49680 52205
56182 -92892
-55790 -30502
-9581 -51289
-84297 27090
-83231 -83023
-15412 13730
-23101 95656
-82466 -33180
-88233 27287
-73905 28836
-74577 351
29332 49389
49487 90578
97157 41460
5426 80359
-2897 58831
-26578 75645
-54409 -81917
199 -80158
67099 -52681
39813 -60627
82507 49156
66128 -22893
-4671 81160
49820 -40232
89668 48760
-81462 -42782
-15612 -66048
-52594 -41778
25866 -17957
-27325 97653
-76592 48106
-20591 -18901
-840 509
-69156 11182
49415 -31010
-57263 17546
85293 -76357
-32135 31795
87047 78846
35980 48562
-50237 -78617
-31856 38985
71493 -73769
25239 -3100
74313 515
-97758 -89264
44383 22471
-74411 42205
-59217 -39342
75406 -49932
1801 -20380
-18040 -55825
-73576 -33539
3252 45622
1033 99361
20019 13192
59191 -5642
85843 -73517
-15025 95816
-43582 -42919
-69756 -92769
-1859 -80355
-94314 96585
-95061 -68201
98491 21994
-68298 38727
-76618 -99628
12346 63751
32 91
60 2
41 5
44 96
36 83
69 30
8 7
24 7
53 85
65 49
100 6
57 46
39 91
68 19
97 75
1 89
98 65
52 71
60 66
60 48
62 1
49 94
24 26
81 98
99 72
75 80
39 20
47 36
32 93
32 98
80 38
73 12
98 89
80 70
27 29
51 52
30 72
56 70
94 38
92 48
31 50
90 72
19 67
44 42
31 4
3 5
92 55
42 88
5 96
36 59
14 86
83 96
93 29
82 86
3 84
38 2
5 42
14 75
98 56
31 36
20 3
83 47
28 83
46 73
75 39
58 67
38 88
65 62
47 42
95 22
78 68
60 76
28 4
67 74