200 300 10 10000
182 90 583317
155 183 908902
45 133 861083
14 180 781809
135 146 262074
130 49 912463
190 48 875759
171 142 207912
26 3 533434
148 158 700610
169 2 970423
54 10 80109
162 79 60581
7 154 423106
137 6 598661
176 2 344556
36 86 912931
1 38 603244
121 191 218130
39 40 22172
6 174 885816
23 57 884823
2 107 133973
149 19 704244
191 190 498112
127 131 895656
15 119 353456
69 13 134316
5 81 44125
118 5 410140
125 124 914819
9 197 521572
177 152 893415
38 55 510941
55 18 306095
55 44 280420
190 6 145013
191 49 989730
42 156 281530
170 191 795627
113 93 679995
59 178 804079
146 2 774275
153 3 720030
186 196 924191
155 99 847301
2 92 547581
29 178 556679
36 166 130659
152 164 899739
81 82 822174
8 29 467501
1 53 610908
10 158 897999
171 107 745634
78 134 443932
71 53 445535
43 99 414567
7 195 218658
131 5 386055
191 135 315215
105 61 244076
49 35 40696
183 121 708196
175 5 400395
39 100 426517
158 82 644741
15 10 546380
9 54 870921
116 2 112381
105 9 824477
7 111 818685
61 147 450433
22 70 31202
5 149 489163
79 148 344005
4 39 521355
196 4 165743
112 5 559128
195 112 458011
10 65 380296
157 55 860208
2 59 416639
23 102 596523
82 93 574000
10 36 406395
55 30 986574
168 172 169745
10 129 283723
2 112 643792
10 37 173520
200 185 285351
68 31 172337
1 165 167011
135 25 258937
193 113 744798
120 10 919348
190 199 642239
32 35 897148
6 163 163669
152 95 715320
11 158 551665
171 2 322410
63 49 654374
85 135 526594
161 50 118785
4 63 395181
25 181 9369
94 154 47123
111 6 437519
100 54 780369
187 24 532426
67 10 501715
193 73 464174
10 20 859780
116 5 880721
173 10 349426
110 109 30045
62 155 396196
76 126 405892
20 5 275525
36 62 954532
5 88 571313
9 165 938143
142 9 451836
192 10 545317
4 153 523842
88 5 862823
5 113 547603
2 70 506880
152 52 436702
42 10 654730
49 90 731775
10 146 446700
189 65 310732
143 26 51362
187 191 980364
113 180 107597
80 60 288652
178 200 376803
113 193 203230
121 188 348221
8 134 687089
101 7 844724
135 32 979593
173 23 151510
109 161 980142
83 11 506462
12 75 156959
175 45 190883
110 4 744439
178 21 401972
70 8 498821
80 184 26657
130 7 665106
2 157 552412
103 81 449018
3 72 65409
185 82 435994
35 5 617455
82 24 295239
88 42 130702
124 1 280123
75 59 711428
130 2 521154
43 74 687402
64 79 241343
54 1 928195
49 172 353694
133 141 163100
42 189 632663
55 1 695571
133 153 416367
82 70 625573
47 135 113368
8 50 908688
5 126 827448
23 179 304926
161 62 845634
140 5 921129
182 2 292953
185 18 821419
127 69 456879
199 45 302746
49 156 974701
150 183 970663
142 10 707451
124 9 845123
48 5 548939
27 173 869122
18 8 602359
170 1 294621
174 90 933104
6 117 778351
64 23 375255
158 125 326057
145 42 890689
115 78 183761
126 174 760610
163 120 560933
1 31 361095
171 9 643106
6 170 722019
2 110 330500
52 51 320818
91 130 549699
180 83 856734
9 70 27450
192 64 549321
10 149 343957
151 162 545453
173 6 741286
27 10 316933
3 106 185276
5 130 352369
182 28 734516
24 195 21118
200 6 315715
10 180 429588
134 150 320106
95 38 642276
20 88 48179
15 1 20041
6 93 664882
6 39 462772
7 9 51078
195 57 669482
93 170 853010
22 187 805853
10 110 560998
97 7 895584
4 198 969251
112 45 580134
190 147 904196
49 36 468375
48 2 143818
155 5 519907
162 6 763058
158 106 122887
197 154 584974
55 59 311516
131 98 617733
162 113 235933
56 55 595007
92 118 529760
8 195 171604
95 135 232563
124 63 661988
177 53 751185
9 18 115726
104 5 577140
38 67 273679
69 145 49773
2 61 315691
188 163 337425
114 174 362822
1 33 915177
55 76 620596
51 58 959233
120 105 626924
70 127 971285
55 109 125135
191 55 836184
13 10 692041
4 162 720096
140 122 577905
10 116 113409
190 172 333935
86 15 546641
6 9 117985
71 8 830026
93 132 970432
113 37 183975
78 67 33734
7 96 508211
26 5 19665
173 162 368797
5 200 765315
4 175 707781
56 88 987982
122 8 888781
194 147 2548
115 187 312444
87 8 879063
5 4 612120
73 88 778175
79 84 545286
57 183 905088
88 133 333331
101 6 991880
53 9 256948
52 170 728874
6 153 313287
84 82 709910
9 93 582727
39 126 360001
1 94 622582
99 11 242123
89 139 162811
59 141 361416
168 158
113 150
10 4
10 2
3 110
5 4
167 18
2 135
5 105
68 13
74 160
189 145
105 175
8 60
177 135
2 168
103 5
4 9
5 151
9 6
7 4
7 9
29 92
187 57
5 83
7 8
186 20
7 110
3 76
53 8
58 123
5 10
156 7
3 4
3 139
40 128
13 7
9 3
85 2
9 98
16 9
3 1
9 7
3 13
153 104
8 181
119 146
125 6
184 179
109 144
198 140
10 2
3 132
187 5
4 15
20 4
85 1
8 121
9 1
97 14
7 122
119 2
91 5
7 3
9 178
149 193
2 15
5 79
4 62
2 172
186 111
4 9
82 128
10 119
38 180
187 3
28 6
3 75
187 143
5 2
132 40
10 14
100 10
63 139
6 128
195 5
60 118
1 41
10 177
88 1
181 5
168 9
9 20
8 115
3 5
136 47
10 82
174 146
18 2
6 1
2 6
3 10
8 33
8 177
171 9
107 10
177 5
29 18
5 8
5 132
8 4
76 70
41 9
81 3
89 149
187 9
6 104
198 2
3 129
20 128
7 4
5 48
1 71
5 6
27 29
81 80
71 1
7 144
152 3
16 9
179 88
165 86
199 5
1 6
76 6
2 159
10 2
32 2
62 37
113 132
5 9
1 9
144 2
154 7
197 7
3 6
2 7
104 28
5 1
7 163
160 7
7 102
2 5
5 2
2 8
143 5
9 110
4 3
2 189
1 180
166 3
8 10
4 71
65 26
51 16
21 2
9 10
49 1
131 182
192 2
2 110
8 41
108 58
169 4
59 1
3 177
1 112
2 187
10 105
1 8
9 10
61 4
58 9
163 112
6 22
8 3
6 8
7 9
92 156
82 1
176 3
3 191
46 7
4 141
1 54
21 132
1 109
7 42
3 6
2 7
8 5
8 79
8 172
164 95
84 3
116 4
120 122
129 12
22 154
1 119
10 76
138 22
55 107
2 9
106 63
9 15
57 6
121 189
1 112
2 13
49 2
113 1
8 5
93 10
8 110
5 9
10 8
158 5
5 58
3 1
105 57
3 1
163 54
164 99
9 6
178 181
1 10
55 189
100 22
58 4
24 9
2 10
90 64
4 8
4 129
164 4
10 2
9 152
76 2
159 90
178 158
7 1
6 160
87 56
8 4
144 18
8 42
100 4
9 5
6 8
9 161
192 129
107 122
2 1
112 149
28 7
2 80
9 75
9 8
10 93
2 158
7 2
7 50
71 6
6 8
10 148
12 3
79 9
165 172
6 1
179 194
9 115
8 126
4 6
2 7
101 91
153 186
2 140
10 19
183 47
7 183
16 98
3 186
8 70
91 133
1 3
97 7
9 5
65 95
58 128
4 193
61 18
123 3
198 87
182 4
92 1
155 102
8 61
184 66
3 6
10 118
8 4
164 5
8 6
104 2
9 6
162 23
1 79
10 7
5 192
9 8
101 86
9 2
4 6
199 22
10 5
10 198
8 137
123 8
4 29
78 173
128 69
4 10
2 10
149 4
4 8
80 9
151 10
7 6
116 9
10 97
149 71
4 24
2 6
9 133
1 159
17 1
26 33
173 21
5 149
185 3
116 7
9 47
40 5
10 48
81 9
159 2
28 64
118 5
198 1
189 17
2 94
66 79
37 101
19 114
200 52
9 50
182 34
119 7
46 4
6 25
81 114
3 137
10 5
7 115
9 6
6 83
107 36
85 41
169 15
76 3
155 8
96 2
195 6
7 109
168 5
6 175
83 164
21 42
9 199
2 170
87 1
112 68
2 5
10 7
166 190
5 111
8 113
10 175
5 108
178 4
182 4
18 157
152 8
200 176
4 161
193 195
6 3
7 30
182 147
10 192
1 138
4 36
20 53
10 197
6 1
3 10
9 53
137 3
7 1
192 2
10 187
5 100
2 141
9 7
9 141
176 80
7 185
1 79
5 18
84 46
79 163
194 2
149 131
160 4
5 2
3 103
149 5
7 170
33 49
31 1
77 83
10 171
7 5
6 2
1 10
2 7
6 9
5 4
152 138
66 151
15 135
6 8
1 94
9 90
6 10
38 7
37 170
49 1
113 188
167 9
6 149
6 101
9 8
159 107
4 138
10 3
8 3
8 29
144 41
49 29
124 5
106 7
69 12
10 1
1 84
32 8
152 8
67 10
180 1
72 1
155 134
123 115
10 43
92 116
118 3
142 96
76 56
56 29
3 174
1 157
3 151
65 161
8 111
31 10
118 173
3 10
2 5
91 67
184 146
22 4
8 51
130 8
3 4
1 153
99 76
132 58
4 1
189 2
83 180
82 3
5 7
3 98
4 70
8 6
42 132
3 34
1 155
179 96
46 56
5 4
123 9
40 1
3 1
8 151
8 5
176 4
7 127
21 124
2 6
1 4
8 1
9 52
167 132
56 8
9 7
2 10
158 6
4 8
10 112
8 9
3 4
1 4
8 88
9 27
71 5
183 3
93 3
8 10
119 9
100 111
135 40
10 4
126 10
116 5
8 164
15 4
186 8
9 51
2 160
7 6
103 188
5 110
148 9
49 8
194 197
1 137
10 158
15 76
88 4
3 23
163 114
93 160
1 74
1 5
2 9
151 200
145 2
195 119
150 31
68 6
2 198
23 67
80 5
191 10
99 4
151 10
154 119
186 9
2 3
62 5
5 6
8 2
87 22
152 73
60 8
10 9
114 67
83 23
192 7
134 86
1 6
184 7
164 123
6 7
3 9
6 3
5 3
79 189
6 191
3 9
138 6
63 6
53 6
5 8
109 191
59 72
169 1
101 37
2 6
111 7
127 1
29 14
108 8
2 193
6 22
177 56
30 3
1 5
144 10
6 73
6 8
4 10
160 7
7 9
135 7
163 68
143 49
173 6
181 182
3 198
19 160
111 10
7 10
62 119
98 86
4 190
6 7
23 8
63 11
140 99
4 99
195 152
10 103
78 7
5 16
4 24
173 141
1 119
41 28
138 92
134 30
6 9
116 5
3 10
3 4
2 3
6 5
2 3
5 78
123 7
173 68
7 8
123 107
3 8
5 6
7 8
1 76
200 6
9 3
6 125
67 162
2 10
5 8
7 2
79 49
10 8
198 9
67 119
138 2
68 152
180 2
55 9
53 12
9 3
66 6
105 59
3 28
6 136
105 8
72 173
143 2
8 5
4 78
89 2
7 24
5 56
135 8
3 143
9 6
36 21
1 4
10 194
4 1
2 9
55 9
130 190
3 134
8 4
1 4
190 193
3 45
111 10
114 169
156 93
8 1
133 5
99 129
68 1
3 9
16 3
7 4
37 9
90 79
70 4
182 8
8 10
161 26
1 8
68 9
126 6
5 181
10 7
190 9
181 108
172 133
43 190
9 134
69 6
10 60
4 169
9 82
10 7
23 4
67 71
4 2
2 5
49 9
10 4
20 7
1 6
128 4
20 77
24 1
176 8
39 117
43 100
170 7
19 7
70 49
186 6
128 156
85 1
2 175
7 2
8 4
6 152
104 7
119 1
2 1
10 3
38 10
38 192
8 33
128 4
128 195
9 95
3 52
9 3
174 183
33 2
13 5
7 9
55 158
132 74
5 54
192 147
11 94
6 7
177 20
21 6
151 133
8 22
4 6
83 4
1 156
31 101
153 170
20 3
106 152
43 8
2 106
146 60
109 88
60 133
9 186
9 3
179 10
2 153
1 41
3 109
1 80
33 97
1 2
148 5
170 154
8 92
3 116
10 119
164 119
199 124
7 116
169 10
9 90
108 3
44 134
10 23
192 103
139 8
118 4
156 3
6 2
75 72
5 4
120 127
177 8
3 2
1 98
42 48
7 2
172 3
6 93
88 194
9 8
6 48
194 8
83 140
10 122
33 143
6 3
165 54
126 3
190 10
3 88
5 21
4 196
8 139
144 6
95 49
23 4
66 18
127 5
6 111
1 126
5 1
5 86
1 9
74 9
85 75
147 9
7 1
48 4
6 5
118 2
98 18
51 35
4 176
110 1
176 8
7 4
5 85
191 173
1 156
181 6
40 10
141 1
52 5
3 10
175 16
94 33
4 136
81 4
185 8
155 10
2 10
9 7
2 6
10 178
10 2
8 69
190 10
106 6
2 119
7 167
10 5
2 107
111 8
188 5
91 1
56 41
1 122
110 1
18 3
31 82
7 122
72 8
160 105
4 8
132 1
194 4
189 57
5 129
4 62
130 95
1 10
126 5
10 6
12 132
4 1
121 62
1 4
2 32
3 155
50 90
9 56
3 94
56 185
66 190
130 2
51 111
4 7
2 114
2 109
8 189
100 6
165 185
112 19
1 194
83 15
3 54
8 100
7 179
95 4
23 4
9 5
6 2
182 7
81 46
100 4
2 77
6 179
93 26
1 8
10 6
128 5
2 166
179 7
2 3
2 4
29 3
10 3
22 39
90 123
9 4
9 141
157 54
75 9
4 130
68 53
61 23
88 193
105 189
3 7
5 2
4 10
6 3
110 4
154 187
8 3
8 4
8 124
6 23
31 2
4 3
4 77
75 8
10 92
2 6
6 128
32 125
126 171
9 8
33 5
70 8
6 10
110 147
6 28
97 130
64 2
175 1
8 102
9 1
24 10
196 127
88 68
56 121
54 7
86 95
4 181
2 7
8 136
10 162
7 5
7 2
194 5
1 10
6 8
174 155
87 9
5 47
162 31
3 4
2 5
141 143
9 3
1 10
7 78
4 2
3 125
7 10
69 62
3 4
36 5
8 60
5 120
158 9
7 1
10 6
77 3
4 16
142 62
80 38
152 5
131 47
3 108
39 10
4 57
113 1
7 16
4 15
24 110
55 2
96 109
131 158
102 171
1 181
5 4
7 189
7 6
150 6
199 17
56 10
6 5
83 5
22 1
3 103
5 55
5 170
5 67
191 80
28 60
5 1
1 5
20 4
181 9
6 103
32 96
103 1
2 68
40 5
4 6
7 62
135 143
4 169
8 2
10 5
142 162
9 198
2 5
7 34
22 9
7 196
50 1
54 1
78 105
75 9
8 150
120 8
199 9
7 6
8 39
5 186
31 5
58 134
4 8
132 5
4 58
25 3
170 7
74 2
111 174
33 8
183 10
10 5
132 57
16 2
8 10
7 21
8 6
164 82
3 183
1 7
9 65
9 2
7 114
8 60
3 81
1 8
5 156
7 5
8 197
185 39
2 44
85 51
5 157
7 109
19 95
25 4
2 107
10 163
90 6
7 3
6 5
42 112
98 179
109 2
33 169
3 136
165 194
41 67
9 85
7 9
3 7
47 8
10 190
141 8
3 2
3 4
4 110
178 9
21 149
9 8
86 54
7 124
6 49
22 9
3 9
151 9
9 144
137 5
7 150
10 122
94 8
5 46
38 9
199 181
5 75
32 8
9 8
87 155
5 86
6 173
97 6
106 197
128 2
27 171
3 2
130 41
54 139
67 6
4 3
1 44
1 41
58 97
52 8
2 176
117 45
9 5
8 108
1 194
8 6
6 7
6 104
2 18
3 32
2 4
117 1
144 10
8 17
197 7
121 112
143 37
8 76
155 188
2 123
163 69
2 109
25 81
146 122
115 130
96 9
118 6
3 14
4 1
136 1
6 10
103 9
32 8
1 139
192 88
5 3
153 74
129 130
3 55
194 104
3 91
10 7
8 164
3 134
123 10
6 2
6 32
139 9
105 3
8 119
10 9
1 6
164 3
76 4
168 7
177 6
1 4
133 2
8 1
3 154
145 71
65 71
40 4
100 98
178 84
52 37
4 197
118 4
6 128
4 171
155 2
135 10
74 9
24 6
8 2
100 133
155 37
107 72
85 9
4 54
8 75
9 104
93 53
38 1
95 9
5 4
1 2
2 137
127 4
9 142
85 6
4 10
38 3
8 90
4 24
148 10
66 12
177 2
92 7
5 3
4 6
1 12
8 7
6 1
115 49
172 121
99 28
167 122
3 157
187 87
9 182
4 110
200 74
21 1
8 102
189 2
45 128
89 129
8 12
1 7
128 196
10 5
8 7
14 4
6 3
6 4
135 6
10 3
7 44
182 170
190 14
7 76
11 160
164 138
99 9
149 180
5 112
1 136
10 6
52 74
9 40
33 5
1 8
2 10
168 9
25 167
131 114
10 141
91 5
79 100
3 5
10 40
145 75
8 9
78 142
5 48
191 10
160 7
5 1
9 37
5 1
4 123
194 69
40 7
9 1
114 4
157 45
7 145
1 8
77 1
27 4
185 34
148 7
10 49
8 129
7 5
119 1
197 8
174 86
54 10
10 37
10 134
156 2
199 179
7 66
59 1
9 85
7 5
27 56
4 7
108 10
2 111
6 189
111 56
187 33
67 66
9 5
74 113
172 169
1 5
17 100
169 1
21 168
1 92
188 46
10 182
1 10
15 24
8 43
168 165
5 8
191 5
48 34
2 1
94 8
179 177
4 176
48 2
60 90
2 110
101 7
58 93
3 119
121 9
7 9
6 8
123 3
78 8
8 143
10 2
86 103
9 140
10 6
44 185
103 39
116 3
6 5
159 7
10 3
7 9
7 35
3 9
6 9
7 4
2 6
46 6
8 1
43 2
116 51
9 4
10 1
47 102
10 176
145 6
76 55
11 185
4 113
6 10
8 171
120 17
10 3
128 4
7 8
181 9
8 122
48 172
167 176
5 6
123 8
135 128
3 2
139 8
2 8
2 19
92 86
143 167
9 1
2 7
32 4
7 2
6 20
1 76
87 1
71 10
1 7
8 7
5 177
84 86
198 172
150 156
9 2
10 43
9 8
74 40
3 1
123 10
7 17
131 171
38 3
58 6
6 10
8 7
1 38
17 32
5 49
35 190
9 46
82 6
43 2
102 26
58 183
19 82
1 6
6 190
99 10
1 3
19 106
5 2
1 10
9 78
98 1
63 8
120 3
125 181
4 169
1 10
86 62
74 194
7 6
7 3
166 173
155 145
83 9
10 43
7 5
176 3
26 9
5 9
6 71
8 176
7 10
127 32
153 1
139 198
176 47
192 25
96 33
57 154
171 57
69 1
10 1
17 5
186 121
125 10
2 95
5 4
91 2
52 167
1 9
4 78
38 7
70 20
46 42
175 68
96 5
145 6
28 7
143 160
3 7
25 4
2 54
6 8
32 10
2 42
8 21
104 6
184 4
6 4
7 6
7 171
135 83
7 96
121 4
5 9
100 130
97 184
8 37
22 1
126 5
109 8
144 7
200 4
11 158
8 5
2 85
107 6
1 39
28 53
9 34
6 112
5 22
5 9
86 3
10 5
9 191
5 116
22 77
91 6
8 135
10 7
8 5
157 9
17 38
53 10
125 1
5 2
7 8
120 7
10 11
166 114
1 7
2 3
76 6
1 3
108 105
9 3
10 9
117 127
101 124
109 59
78 196
55 145
10 2
10 5
10 103
5 6
3 67
191 63
6 8
134 192
7 8
57 4
147 9
69 10
198 69
97 78
3 11
113 7
71 142
98 59
9 115
120 69
9 172
4 1
185 89
7 194
1 139
122 2
195 14
8 1
16 147
99 56
148 190
9 10
33 9
188 10
182 7
8 133
5 97
60 6
101 95
176 61
5 123
46 62
181 98
10 189
7 3
131 5
1 148
8 163
5 100
64 140
10 8
3 130
69 10
106 61
107 7
1 7
3 92
196 13
56 143
74 5
6 10
2 3
96 8
1 118
14 79
1 172
96 84
2 7
9 14
9 116
23 8
17 75
150 6
9 155
120 5
126 157
199 4
64 4
161 9
93 197
144 131
75 140
2 158
103 3
8 152
9 79
190 53
64 2
3 10
6 122
5 1
4 88
91 168
113 19
8 10
92 42
46 65
177 3
8 113
29 5
7 186
2 181
143 4
52 2
176 1
10 91
111 150
26 4
82 136
9 88
1 4
200 120
9 4
5 2
169 94
147 8
8 135
84 151
7 74
6 1
132 18
5 9
46 67
102 4
2 17
99 25
179 111
3 133
84 99
4 7
123 103
134 1
33 121
10 199
102 125
117 68
117 5
107 132
8 2
5 71
153 79
1 8
2 7
6 177
6 3
2 35
9 24
134 23
35 194
2 1
8 160
69 156
9 183
9 8
7 5
6 55
184 2
74 37
4 3
39 34
3 43
2 174
8 6
129 131
105 10
197 6
4 6
129 21
3 176
63 1
159 106
4 136
9 10
8 1
8 9
10 1
194 60
4 10
5 57
140 6
4 59
122 6
5 105
7 102
2 3
187 17
2 126
8 74
6 168
186 3
22 1
99 6
1 10
149 26
155 136
179 7
3 82
7 6
185 96
57 6
1 71
2 129
5 175
72 9
7 4
24 49
3 41
118 159
92 79
157 147
8 10
172 13
1 118
3 9
7 3
3 50
85 35
34 6
7 9
137 4
153 166
80 7
60 46
5 7
133 162
163 6
103 1
6 7
145 9
122 10
118 151
102 4
173 141
92 115
43 116
21 89
10 3
47 9
1 160
6 49
7 9
115 10
44 10
70 9
10 9
89 33
10 136
187 169
109 1
23 10
7 9
199 3
4 2
134 7
7 9
9 2
10 66
30 8
63 118
124 2
28 9
1 8
53 8
148 169
7 8
5 10
10 20
10 193
11 2
1 9
9 4
2 10
66 7
7 3
7 5
183 8
7 96
7 148
176 83
6 31
62 7
3 7
7 42
85 4
25 7
21 3
2 195
193 133
10 4
146 10
32 4
25 7
10 3
194 154
22 59
72 8
22 8
2 6
5 8
8 2
7 58
19 1
100 1
129 7
112 73
4 177
5 3
1 6
11 158
6 25
2 3
4 10
58 2
9 122
36 81
5 96
121 6
65 80
176 2
43 97
129 6
70 59
7 10
34 4
27 6
6 3
7 176
1 7
9 6
118 34
10 45
24 2
167 6
91 192
54 2
2 5
4 95
9 5
147 8
49 144
9 3
6 2
60 129
56 6
7 5
5 9
4 6
9 4
92 145
172 4
6 31
109 39
140 16
9 69
7 60
9 77
94 8
3 10
8 155
87 10
7 5
16 3
7 199
122 10
75 27
182 60
68 26
153 99
31 19
9 94
2 160
78 8
15 95
8 63
141 101
10 73
4 10
144 71
164 79
112 177
10 103
92 4
112 3
9 180
187 1
3 131
14 54
57 23
119 10
114 1
8 141
52 5
49 7
6 9
9 3
6 133
154 167
151 9
104 174
179 5
4 22
169 26
3 139
10 156
14 10
159 5
123 5
161 3
2 137
4 79
1 197
1 3
21 1
4 143
171 22
3 119
10 8
194 3
9 52
4 2
87 78
6 5
5 8
3 6
84 9
2 83
57 8
174 6
103 20
2 62
9 6
97 163
97 189
4 10
122 10
1 160
4 9
97 10
8 152
73 200
10 178
182 8
128 3
2 9
102 8
120 2
8 61
10 8
5 186
168 189
2 1
3 111
41 6
200 4
3 7
53 177
10 19
7 185
1 10
126 130
130 168
168 4
68 5
41 6
3 7
27 58
197 89
88 4
144 169
7 160
188 197
8 10
148 124
102 3
1 199
9 8
2 102
24 184
85 71
51 84
163 7
177 5
3 9
96 67
4 80
3 129
10 3
135 17
3 4
146 8
38 128
1 66
7 190
3 197
43 129
10 9
59 127
7 3
21 7
20 3
7 103
10 8
83 194
106 167
104 145
41 10
36 14
2 4
165 147
7 77
173 139
76 86
5 143
66 195
9 53
7 13
1 183
108 5
159 173
10 90
10 3
2 65
5 8
7 190
6 9
7 63
108 45
175 143
1 5
5 9
7 126
2 129
102 119
167 4
80 101
5 195
9 10
198 151
8 92
5 188
98 70
117 6
3 49
180 6
73 8
112 3
7 103
7 20
8 162
3 10
6 87
47 63
9 11
175 6
7 113
4 146
1 10
102 19
4 6
165 3
135 4
10 88
8 116
8 86
188 75
194 2
8 44
3 191
9 96
4 1
6 5
9 7
9 164
59 160
1 92
180 134
146 30
8 64
148 9
80 10
7 58
10 189
10 174
161 78
9 10
190 177
116 8
1 4
6 1
2 158
5 6
167 7
79 84
166 10
160 2
35 71
3 70
175 6
34 1
68 8
160 10
4 7
78 7
78 9
138 88
164 124
43 49
115 5
10 7
3 5
2 170
6 111
177 132
8 112
104 134
93 47
114 8
160 9
7 1
9 5
7 8
2 9
192 8
184 8
8 6
36 7
124 1
5 4
57 3
8 37
126 95
1 69
72 6
91 135
3 4
6 1
132 199
10 8
5 9
124 139
13 129
63 2
178 3
4 110
8 187
82 9
42 198
5 191
2 62
2 121
139 115
32 113
7 70
5 30
49 1
9 104
119 39
57 128
49 153
10 8
7 5
169 6
173 160
24 180
168 184
70 164
1 6
103 51
8 83
37 2
45 2
5 155
115 178
29 183
15 174
8 55
1 36
5 40
46 2
89 4
114 101
5 7
48 52
1 38
163 6
172 4
85 8
178 199
8 7
3 9
1 128
5 15
16 10
39 96
7 3
77 76
17 129
9 169
68 195
8 66
4 9
51 186
7 5
169 4
6 2
7 8
44 9
9 76
177 38
200 79
51 4
5 189
142 2
4 51
182 7
116 173
8 189
4 86
7 4
41 22
3 8
117 134
64 8
8 5
6 21
3 64
9 8
181 2
103 7
113 189
6 109
34 9
3 88
3 7
67 33
129 2
8 4
9 143
179 8
10 146
53 6
165 47
1 3
57 147
6 73
80 69
7 10
46 1
144 5
85 115
112 127
137 30
80 10
2 10
144 8
139 103
9 146
5 21
8 169
8 173
123 9
9 11
160 6
62 132
4 8
140 168
4 8
2 8
9 169
9 6
18 9
4 39
59 3
9 2
5 51
59 9
178 57
39 4
113 8
6 191
4 103
123 78
53 6
190 4
117 10
127 1
10 4
8 5
3 7
5 2
189 5
10 7
155 9
54 9
10 161
149 123
1 8
154 4
1 156
3 6
5 54
3 99
142 59
171 85
135 86
9 1
50 197
16 97
199 30
21 10
4 9
168 8
34 3
24 8
6 7
4 6
154 3
48 5
4 9
101 137
7 178
7 125
198 84
10 2
60 187
2 166
91 8
77 2
1 153
5 144
6 8
56 2
165 1
5 6
43 59
54 9
29 145
8 58
43 10
79 141
7 8
6 118
8 65
162 8
192 98
49 4
5 7
135 25
3 120
143 49
52 1
7 9
89 44
9 7
7 3
131 93
3 9
163 73
134 2
4 143
10 160
6 1
163 197
6 35
2 93
180 156
18 135
8 20
22 6
127 183
123 10
10 4
124 8
7 5
86 185
8 20
3 5
200 7
17 42
166 64
129 122
78 10
15 5
3 57
1 10
9 23
1 2
56 28
18 183
2 3
7 63
2 106
80 21
8 30
112 5
133 6
2 176
5 126
125 108
5 180
3 61
198 3
84 34
5 4
97 56
3 165
23 7
99 5
154 8
120 186
106 3
66 70
9 173
4 34
151 16
62 70
3 7
4 7
125 8
142 7
2 161
181 3
6 7
3 138
6 181
86 148
9 7
84 2
110 3
187 171
89 26
198 2
3 165
156 1
3 146
2 108
143 4
193 66
66 176
123 2
169 5
45 8
2 8
28 141
7 85
86 76
177 74
7 85
167 70
165 3
8 170
87 7
6 2
82 167
7 5
10 93
5 9
181 6
186 87
7 10
1 133
4 1
14 4
2 53
98 89
7 47
35 112
37 136
5 74
3 10
69 8
151 4
69 7
65 10
2 170
156 95
8 163
17 174
12 1
9 7
86 5
141 37
4 40
101 2
7 26
10 41
151 4
33 10
188 2
2 9
90 6
163 9
6 9
48 1
10 7
27 9
4 8
192 167
146 123
112 3
6 8
1 6
42 8
1 53
10 34
74 181
8 83
199 156
136 3
4 9
27 143
131 5
33 100
147 1
190 166
10 166
2 4
135 56
10 6
61 96
175 2
2 99
102 2
130 9
1 126
180 182
2 61
4 2
176 2
2 41
7 9
185 9
7 177
32 13
10 102
18 173
73 6
17 3
10 3
10 63
127 5
38 7
6 140
108 4
4 197
48 115
128 42
1 4
1 3
10 2
9 6
4 1
64 158
5 1
9 6
114 3
4 94
16 7
6 97
156 9
1 94
4 5
63 55
155 3
9 172
2 10
81 6
5 167
10 7
1 21
175 3
3 10
171 28
9 153
28 78
78 50
30 9
158 143
112 8
145 1
9 137
10 2
1 7
159 108
163 195
190 23
10 44
31 97
38 77
200 13
27 137
198 10
185 179
8 9
6 3
23 1
27 143
177 1
34 5
1 72
8 10
60 47
50 1
128 184
1 9
5 73
2 4
145 14
2 9
69 8
35 1
3 92
7 22
86 6
27 118
8 69
44 124
31 2
20 91
4 10
66 110
3 8
10 154
5 22
123 3
2 10
9 4
10 25
8 3
142 22
125 95
8 143
185 1
181 2
8 196
4 166
147 1
82 80
123 2
48 124
99 145
173 186
72 7
153 102
115 1
3 94
4 170
101 69
198 4
65 114
5 186
9 174
3 6
73 154
10 140
8 112
176 196
86 2
3 154
4 27
7 3
97 7
159 9
4 7
42 126
46 1
6 41
138 3
196 3
50 4
9 53
152 108
4 48
106 153
5 25
6 196
17 177
7 28
2 10
163 30
9 120
184 53
68 10
2 10
5 27
25 7
1 30
125 7
175 112
142 66
37 3
8 10
6 97
2 8
4 17
7 3
1 60
186 110
5 27
2 106
145 20
5 10
17 16
3 15
4 135
81 3
13 2
153 10
186 52
9 117
2 179
4 10
3 11
5 2
188 8
40 5
2 4
130 7
9 2
113 154
2 10
128 90
95 195
6 25
175 63
6 163
4 9
3 4
8 7
21 10
152 133
4 7
89 17
97 10
141 50
10 9
1 6
165 3
23 14
196 173
100 5
4 8
10 183
6 4
157 174
36 144
177 4
45 10
163 88
12 7
166 26
166 107
163 4
181 8
9 130
5 159
19 8
40 141
170 75
176 158
9 47
2 10
2 89
171 87
43 10
135 5
125 4
12 9
65 7
156 83
119 4
189 1
195 113
180 167
2 165
157 8
7 132
143 2
95 144
57 7
5 3
9 5
147 61
15 4
2 10
103 125
177 7
137 7
9 5
1 193
8 71
3 187
131 1
2 9
10 3
9 1
136 7
2 4
91 5
28 6
8 86
9 185
2 4
8 110
9 4
10 3
5 148
37 126
125 6
8 22
166 39
4 5
57 6
114 131
8 91
3 9
198 115
5 4
3 100
70 8
5 112
10 60
79 3
89 9
42 9
5 88
51 5
92 9
4 149
8 2
2 10
26 114
7 5
6 7
10 7
8 178
10 2
2 1
6 9
7 4
148 131
105 5
5 70
194 72
2 4
9 138
7 10
161 5
7 39
72 175
7 130
92 1
9 1
7 156
25 5
177 7
25 57
13 3
7 140
9 83
11 7
6 7
58 167
2 5
170 1
8 89
10 8
41 1
18 9
137 4
124 7
78 198
2 10
115 3
88 5
4 6
117 4
31 81
4 1
132 10
94 1
127 7
120 8
192 5
6 8
114 5
10 9
5 21
3 10
5 135
142 90
2 144
3 2
4 66
3 2
6 5
191 147
36 8
82 49
1 4
129 71
199 10
150 145
159 5
9 139
25 5
2 8
72 6
6 7
76 20
8 1
4 1
68 5
65 195
3 1
9 87
9 8
3 63
7 4
3 7
109 10
2 8
6 3
9 164
98 3
189 160
177 109
162 5
4 10
151 128
2 55
183 5
9 188
1 3
6 7
6 97
36 155
196 186
4 155
6 137
1 151
9 6
6 9
4 2
2 4
105 184
5 6
1 5
102 125
119 65
9 139
7 119
28 10
2 8
15 16
77 1
2 7
16 50
1 163
32 100
184 129
47 2
6 7
104 7
8 7
3 35
185 162
71 79
138 5
4 167
122 8
8 138
118 45
100 5
20 55
9 116
66 1
10 51
4 130
9 36
4 126
65 10
3 57
1 6
109 10
40 119
121 7
152 53
4 1
99 195
140 194
3 121
2 1
75 79
101 6
9 137
9 5
123 2
8 96
52 2
39 108
198 173
182 2
184 23
163 10
13 197
166 64
7 34
150 84
154 23
97 6
4 11
80 14
149 1
157 3
192 150
10 6
6 9
6 3
139 10
193 10
71 132
10 4
22 4
19 143
7 174
1 5
28 4
9 5
58 145
7 9
149 37
1 9
77 161
166 10
8 4
36 178
8 1
102 5
7 35
2 37
116 125
4 126
9 178
8 4
5 133
2 132
2 74
1 6
123 9
77 57
5 8
5 173
150 11
65 9
7 5
125 10
22 20
151 85
52 1
83 1
54 4
146 169
44 108
117 99
68 5
112 9
5 99
71 10
116 1
6 176
65 141
1 104
51 8
8 180
1 9
5 140
9 10
43 164
4 7
187 153
11 10
10 8
6 5
54 4
77 5
4 165
5 139
17 2
149 4
200 9
53 5
4 8
123 162
100 180
97 7
5 152
3 9
4 10
148 9
190 38
74 22
2 163
6 10
78 172
197 2
4 170
14 10
7 4
130 7
2 85
6 165
23 5
117 40
132 14
2 3
73 199
7 5
140 82
7 189
3 191
10 4
163 7
26 4
99 6
146 8
129 181
4 180
9 198
174 8
56 5
1 6
6 134
106 136
1 160
157 25
67 117
104 92
130 31
2 10
2 88
1 189
5 2
3 10
1 26
10 2
9 1
1 7
6 64
54 31
9 187
133 2
172 118
9 5
10 1
199 105
35 94
6 108
10 129
2 191
146 142
50 160
7 85
106 10
26 10
2 9
9 1
191 32
183 63
1 197
160 167
6 7
1 20
157 9
14 198
2 6
106 6
154 199
5 10
158 8
2 194
171 83
142 140
5 118
130 129
1 98
161 197
3 6
118 96
4 164
39 56
49 167
36 24
6 130
66 6
4 6
7 88
3 7
8 175
1 104
2 1
3 6
89 3
9 8
4 74
26 7
20 8
151 2
8 116
93 114
125 10
94 6
86 1
100 5
4 53
5 13
5 9
10 28
4 42
155 1
168 153
159 9
6 4
52 7
73 141
10 156
4 180
119 5
159 5
198 3
187 179
17 8
56 2
4 1
9 8
154 5
2 80
123 3
148 1
49 2
9 1
150 6
7 165
5 8
142 10
10 110
3 107
9 18
3 7
5 196
194 118
2 7
5 1
9 42
144 93
4 195
147 3
47 15
77 10
10 143
9 130
41 1
131 52
86 5
55 4
15 180
8 9
8 3
56 1
151 36
48 4
119 92
1 184
3 85
80 7
198 56
8 44
193 155
6 36
8 4
109 3
66 10
29 157
7 10
134 187
4 168
9 174
99 8
75 5
5 1
84 3
164 5
7 1
10 194
74 10
5 83
7 50
71 103
136 10
95 7
119 58
7 8
97 196
5 104
1 3
122 6
8 64
116 90
6 10
7 55
8 3
72 56
30 1
10 1
147 5
174 15
31 6
9 105
78 5
9 12
10 5
8 71
186 2
98 4
5 7
168 7
173 162
133 135
31 7
189 73
3 55
10 8
10 146
9 186
104 10
130 1
5 6
170 7
6 35
120 10
5 10
98 145
144 52
105 22
171 92
9 1
160 1
62 1
63 5
141 16
9 7
6 84
11 2
4 9
4 6
198 181
167 158
10 86
71 29
176 1
10 178
170 7
10 7
5 9
7 4
170 6
110 81
7 10
152 126
25 134
158 2
10 89
117 7
1 6
42 75
6 3
129 4
3 165
142 169
5 26
82 7
63 117
74 42
9 110
172 28
5 125
79 71
3 46
2 5
6 51
8 156
53 187
69 3
7 109
193 17
1 5
59 6
9 84
196 3
6 106
179 2
10 2
105 3
122 143
113 6
46 152
27 6
9 7
95 7
195 61
7 136
4 3
7 1
2 108
7 91
8 65
11 24
197 6
165 51
77 4
5 9
42 186
1 24
5 6
193 95
172 8
7 5
125 9
198 5
115 2
3 196
7 2
3 9
12 9
8 43
7 118
147 1
69 171
17 123
7 111
170 10
10 135
9 3
9 1
75 10
5 35
185 176
5 6
6 103
173 181
181 19
99 5
1 5
8 157
6 94
5 61
8 5
3 5
4 5
9 159
3 4
171 10
27 3
192 148
7 4
5 6
2 58
10 114
1 47
166 158
94 4
134 7
181 7
4 1
114 188
4 1
2 5
7 6
120 3
8 6
197 9
48 5
50 3
190 10
141 7
38 97
21 3
125 4
49 5
190 8
187 4
5 7
4 189
119 10
119 185
37 102
77 2
127 164
80 3
160 82
180 86
7 2
3 13
1 100
176 92
94 8
2 6
6 130
89 3
144 3
6 1
2 6
6 4
29 155
53 198
9 173
30 41
57 2
63 1
96 4
131 10
9 156
1 9
8 62
126 170
21 61
7 9
187 77
126 99
125 134
24 138
7 9
6 146
92 121
2 55
153 75
1 70
9 2
89 8
87 30
172 8
140 7
3 104
3 4
108 132
98 109
162 187
74 3
119 32
84 4
27 9
4 10
7 1
3 61
18 4
1 55
3 1
58 10
4 1
5 9
36 115
4 50
5 113
3 7
7 189
123 47
16 6
94 5
41 7
112 3
163 1
10 195
53 40
166 5
1 92
138 4
120 135
9 7
8 95
14 60
7 133
10 139
7 3
85 69
104 123
156 74
4 47
64 2
182 17
124 5
49 190
112 23
89 7
2 165
8 6
7 13
3 188
3 6
9 3
171 5
7 178
77 197
4 10
189 34
71 52
2 8
7 50
5 187
63 15
1 59
9 5
9 93
5 8
112 7
5 190
5 2
147 3
3 148
9 2
1 3
2 103
4 184
173 200
10 107
36 1
65 52
62 7
1 194
3 5
70 5
147 3
45 162
77 196
10 3
195 121
165 6
58 19
4 123
121 2
9 57
136 7
3 156
175 45
7 4
7 5
75 171
160 133
50 6
7 15
10 9
5 174
7 2
30 4
138 2
7 3
5 8
117 3
4 10
131 2
148 5
72 2
78 7
8 7
8 152
2 1
7 3
4 6
4 7
70 3
195 4
6 153
103 17
1 119
129 95
71 169
85 186
46 6
5 194
59 67
5 7
170 11
8 10
169 103
186 176
70 26
5 7
84 130
4 119
102 120
7 6
111 120
2 21
102 4
103 66
90 97
8 24
10 192
85 34
8 9
7 147
157 92
172 7
165 55
7 10
128 35
121 39
164 1
9 191
9 92
4 8
10 3
3 6
193 7
179 1
38 12
199 66
120 3
8 1
8 3
10 2
118 41
7 27
58 10
89 150
150 7
4 126
146 165
150 1
39 6
2 22
132 10
81 199
160 3
98 83
196 5
80 8
1 121
138 6
1 170
74 4
70 157
175 156
173 4
173 6
10 24
5 109
5 2
4 28
6 130
9 40
168 1
49 68
8 3
181 6
148 9
172 56
4 7
1 176
91 172
33 3
8 6
47 8
107 116
4 58
45 2
9 7
10 7
82 4
188 144
10 2
4 122
4 169
179 7
3 4
77 173
5 7
35 9
2 110
100 10
41 2
4 7
85 71
63 200
9 178
169 5
6 191
42 5
4 10
10 138
33 136
92 105
151 72
3 98
138 10
76 107
187 102
103 119
83 89
4 22
55 18
8 185
5 9
69 10
7 6
59 128
119 52
5 127
47 6
62 147
46 5
83 2
98 122
5 146
119 1
34 49
7 10
8 1
160 127
9 65
3 121
57 69
2 8
10 6
58 45
166 4
3 1
1 73
125 120
5 159
109 174
172 108
1 9
69 54
31 7
164 120
1 171
5 8
16 2
6 150
48 148
122 4
6 34
85 2
77 8
24 4
132 24
191 4
9 8
5 7
101 1
172 1
120 7
4 166
97 136
157 196
55 6
5 2
4 133
195 154
4 3
3 7
8 10
5 7
10 5
64 50
8 113
10 43
7 5
8 190
1 4
4 14
83 4
166 153
24 1
41 72
6 8
28 5
162 3
164 18
189 9
4 100
2 114
2 3
8 122
124 176
2 134
5 3
2 87
7 10
3 1
5 91
47 5
94 170
40 7
62 2
2 28
2 190
5 1
4 169
50 4
34 128
3 6
5 7
1 4
33 100
42 5
136 194
112 1
77 170
142 179
191 6
113 2
2 112
9 144
16 10
6 2
2 117
5 19
130 15
3 5
3 83
2 133
3 126
4 2
168 5
192 8
65 28
37 111
1 3
109 7
63 6
4 2
191 101
89 4
65 18
5 12
45 174
47 7
184 200
54 8
5 45
8 124
104 3
3 139
199 84
116 10
197 3
8 6
3 163
133 158
5 8
8 2
132 36
182 9
128 2
162 7
6 102
50 136
77 1
82 5
6 31
10 47
3 8
181 62
8 2
26 173
6 96
117 3
9 38
102 69
142 1
9 4
144 185
86 2
9 13
176 7
171 4
23 7
101 171
17 64
177 1
37 7
9 7
198 49
6 7
7 2
161 7
50 172
1 41
135 3
59 91
8 1
63 6
36 72
6 10
15 140
29 4
8 3
7 22
77 84
15 175
197 10
5 6
41 6
139 17
9 5
9 6
3 79
7 157
118 2
53 8
177 141
3 1
10 7
6 10
1 9
44 137
9 7
69 5
163 6
5 6
94 3
70 91
5 15
113 5
88 146
122 168
115 5
18 117
60 67
10 61
2 7
93 80
136 87
190 14
146 5
7 152
4 68
59 132
5 110
150 39
8 168
5 9
112 9
9 8
126 199
36 2
167 10
7 112
140 8
121 174
3 8
197 8
6 170
3 7
55 187
106 131
6 115
10 22
106 10
75 121
8 128
178 176
10 128
18 179
53 6
1 186
155 9
3 153
149 5
9 16
199 45
4 8
2 132
41 76
3 132
10 7
58 7
136 7
3 1
55 6
157 87
160 44
4 6
167 1
91 187
10 54
152 2
6 7
167 5
131 16
31 8
18 33
2 176
5 1
109 1
66 1
186 167
19 188
129 1
17 3
7 142
41 68
6 7
70 81
7 42
59 10
190 9
100 4
9 65
122 2
5 193
81 2
110 10
19 5
6 52
84 112
120 73
112 6
45 8
57 131
143 54
100 85
120 196
10 1
131 10
1 154
33 2
2 7
165 5
176 8
39 61
31 8
118 121
151 67
46 4
137 8
126 62
194 93
191 188
197 70
173 148
5 155
5 106
9 87
1 20
8 2
32 8
9 179
5 1
7 149
101 68
179 2
152 120
191 167
119 7
42 136
140 157
5 1
5 10
24 137
102 8
10 9
1 31
1 176
150 45
61 105
2 27
11 68
197 6
8 119
81 133
1 3
174 4
4 88
118 44
8 165
4 177
10 3
1 10
9 37
17 110
17 13
4 1
9 118
167 68
5 138
155 1
179 90
5 58
7 10
164 60
3 2
119 136
1 27
160 125
104 115
8 1
8 9
1 28
127 5
2 149
167 52
8 43
87 3
29 9
199 134
8 28
178 2
10 4
10 2
32 8
89 65
10 129
8 91
91 8
87 43
107 5
105 8
116 12
5 38
87 66
6 2
41 137
6 110
110 5
4 5
1 14
8 39
10 115
117 4
9 8
9 8
100 9
7 115
46 41
125 96
5 48
3 10
73 129
3 188
86 9
150 10
84 88
10 9
160 6
197 128
195 186
145 8
64 8
1 9
7 2
5 6
8 3
115 66
1 25
130 1
194 4
8 45
2 1
8 92
9 51
4 104
1 8
125 6
2 124
68 43
2 114
79 8
78 132
48 3
53 131
8 10
105 144
157 7
9 72
2 135
9 163
5 111
4 7
10 25
113 7
132 2
94 3
116 49
124 93
10 9
130 2
46 11
6 2
158 4
4 8
169 4
6 117
6 2
7 4
4 186
166 6
4 148
13 10
156 6
39 7
10 11
6 184
3 2
8 1
5 78
21 66
74 143
46 4
9 132
60 9
73 4
10 5
3 58
2 5
126 24
72 9
34 144
4 56
2 93
173 120
110 4
10 6
2 178
1 189
39 165
187 28
124 2
4 113
176 7
119 10
133 7
33 135
5 2
99 119
7 137
57 1
139 106
7 172
193 94
4 169
10 9
145 3
152 8
10 56
150 6
9 170
10 16
3 1
132 4
10 7
89 85
10 136
99 179
107 3
2 10
10 2
54 3
6 196
8 9
3 6
126 7
47 58
106 124
3 200
52 9
177 3
10 8
144 178
10 46
108 66
39 155
1 10
8 46
3 2
141 36
9 1
30 137
165 9
3 8
183 106
162 6
75 72
153 156
122 7
167 7
126 5
2 178
5 191
1 7
2 55
20 160
46 2
164 108
130 2
4 73
10 104
169 118
8 61
74 35
171 9
2 71
68 3
4 8
193 160
124 200
177 5
10 146
2 12
45 2
96 174
3 143
4 7
128 158
6 4
8 1
44 119
111 156
10 4
138 147
6 3
16 24
8 4
7 3
3 152
127 7
8 77
5 7
59 7
49 170
6 5
8 105
4 7
5 1
154 135
175 1
152 102
119 82
9 158
8 120
4 150
7 2
6 192
9 143
9 46
167 6
9 4
175 9
142 53
3 167
8 146
5 156
148 2
61 3
8 123
2 136
5 139
2 8
118 30
90 3
57 4
4 101
148 3
155 3
84 95
152 5
7 3
199 8
10 1
31 102
131 107
3 169
22 81
111 71
9 52
13 7
10 46
5 43
177 7
48 23
8 93
128 82
107 1
79 27
154 3
45 6
181 6
6 10
151 64
4 123
1 8
7 41
1 10
169 44
169 6
177 139
169 99
178 96
7 2
3 2
56 45
4 6
132 35
10 72
183 78
1 43
23 3
1 8
52 37
186 99
125 162
4 5
6 176
138 8
144 9
10 63
4 52
22 1
4 170
4 20
150 7
5 160
6 4
8 1
1 116
5 7
9 39
142 6
181 6
29 6
10 118
7 12
47 6
75 83
95 114
3 49
83 93
78 5
5 184
113 137
41 50
150 5
78 5
56 5
2 199
103 9
9 67
82 137
1 185
5 8
160 10
4 42
187 84
2 141
6 192
4 81
6 3
162 119
6 91
36 158
5 192
184 77
71 2
38 4
91 132
61 9
48 1
106 1
2 118
8 166
99 98
83 173
184 9
8 86
2 5
192 78
185 2
9 8
84 16
37 5
7 1
10 2
37 1
6 49
9 159
2 98
8 3
127 134
99 24
129 114
19 16
138 44
4 5
2 1
84 67
85 4
5 1
79 4
2 182
10 1
40 6
4 19
60 103
16 10
41 6
119 98
3 8
89 5
156 58
53 8
45 5
1 5
79 158
18 166
117 72
6 130
147 104
99 8
1 17
129 108
5 154
1 8
6 187
5 166
12 9
4 83
137 5
3 10
67 93
7 86
10 4
172 127
2 172
3 6
164 136
129 198
139 135
17 131
27 64
2 110
5 1
185 145
10 3
1 71
8 5
30 123
9 54
8 127
15 200
164 111
120 7
7 8
1 9
150 7
74 80
3 42
4 8
80 90
55 154
162 9
132 144
3 44
94 5
148 113
6 7
135 125
144 6
81 1
2 7
131 10
194 37
105 103
35 94
145 124
132 131
31 4
145 78
7 6
181 3
142 63
8 155
125 54
8 1
1 9
109 3
92 5
2 69
2 5
175 44
2 114
23 7
6 7
4 26
172 6
7 142
8 183
34 33
4 6
4 125
145 121
5 155
2 5
185 78
7 152
1 100
99 43
61 179
1 108
35 72
2 165
23 2
5 84
4 3
41 5
2 73
4 7
31 6
2 5
1 174
4 6
1 6
7 1
2 8
1 28
17 7
148 170
141 8
164 151
23 81
80 9
116 8
200 144
3 5
4 189
3 41
9 2
2 189
4 3
1 30
2 1
4 57
5 104
2 1
5 180
6 8
32 7
20 3
5 4
9 8
141 80
182 112
45 13
7 3
10 9
177 5
94 9
136 2
136 8
5 145
22 109
9 4
88 92
2 6
7 83
9 7
9 164
61 29
1 29
65 5
179 175
165 21
34 118
5 62
10 175
75 113
149 125
96 104
79 108
8 9
87 2
2 7
162 161
153 3
7 76
7 5
195 8
4 131
3 4
8 131
174 171
166 9
3 194
3 28
9 196
187 131
41 110
91 7
28 8
1 45
169 148
10 103
171 50
69 3
4 2
7 9
10 155
2 10
9 10
3 159
4 5
6 197
165 7
10 112
158 2
164 131
16 2
46 154
26 21
5 2
1 102
8 163
9 148
185 129
3 9
6 7
156 98
9 124
86 27
1 76
1 2
8 4
44 119
1 71
8 76
59 29
8 10
9 10
170 3
156 4
193 1
38 165
8 1
3 4
187 3
179 5
8 2
1 187
14 7
3 1
1 5
51 32
118 3
8 68
6 174
179 9
76 9
10 120
121 1
51 113
41 56
151 3
7 18
10 147
2 1
195 1
3 51
8 43
78 197
7 76
4 9
6 7
6 124
187 2
67 6
154 69
1 5
52 21
6 4
112 105
3 106
156 4
181 40
32 36
10 7
151 182
118 1
7 92
2 77
27 18
143 112
98 88
166 184
86 8
106 66
4 50
2 6
9 7
3 11
98 5
183 9
4 2
163 87
45 21
6 139
175 20
166 173
149 72
7 6
5 129
78 12
4 65
87 138
125 3
57 69
1 167
71 6
31 10
2 135
128 6
15 178
96 10
9 7
191 79
30 128
106 46
68 5
112 178
2 5
101 3
46 10
8 2
51 5
20 1
190 4
68 5
83 4
119 82
157 132
5 145
176 1
2 8
56 1
5 2
7 10
14 9
9 33
77 2
53 17
84 108
51 7
92 10
2 9
58 48
59 4
49 1
77 190
33 58
3 128
10 5
178 32
10 186
2 9
4 98
136 31
4 190
9 10
167 10
3 4
3 4
8 10
2 52
2 10
194 106
118 181
7 10
75 16
77 109
71 7
31 6
9 10
26 64
9 10
4 37
8 3
94 10
113 108
9 10
8 2
144 151
130 2
47 176
118 10
110 2
142 133
2 7
84 4
8 9
126 142
116 8
67 6
10 3
85 34
133 1
34 173
134 148
69 183
5 10
149 142
6 9
2 1
6 9
9 171
3 121
77 5
140 130
6 3
92 3
125 188
175 2
120 7
134 90
1 2
130 10
5 142
136 38
1 3
5 112
6 2
37 17
123 182
6 30
4 6
131 13
2 161
10 121
130 1
3 4
7 106
9 157
1 4
6 43
3 7
5 154
61 105
6 1
9 106
5 188
10 81
146 10
158 164
10 166
10 5
3 91
9 128
151 101
176 7
129 95
128 7
100 28
43 135
45 83
3 133
8 31
199 5
175 186
7 3
5 7
133 8
9 57
2 173
179 6
167 127
6 127
8 127
7 140
2 7
33 172
6 5
10 41
5 158
26 1
77 7
10 7
183 4
3 5
8 5
3 149
9 192
9 44
177 7
10 6
94 3
5 184
4 86
120 3
67 175
29 5
10 144
113 1
5 59
4 196
4 150
5 31
36 82
5 2
5 41
4 150
190 7
4 134
3 69
91 35
5 2
126 9
10 2
1 117
1 10
12 11
149 73
46 180
169 154
86 164
3 89
126 191
109 5
2 158
82 5
7 5
10 146
9 5
9 1
4 191
93 177
9 4
1 5
52 9
150 20
151 47
143 97
186 9
9 166
7 128
67 197
9 16
26 10
2 7
192 10
5 168
166 158
4 9
81 9
77 51
6 82
30 9
2 10
1 9
169 4
94 192
3 155
101 8
32 21
4 190
1 121
136 7
3 5
8 2
30 1
102 1
66 2
2 76
132 9
22 5
1 23
129 4
29 158
3 126
4 57
165 37
3 131
159 106
10 9
146 7
169 71
2 1
105 8
3 161
8 9
7 5
7 168
13 4
10 4
103 75
62 106
113 3
149 80
130 43
10 181
9 1
94 161
4 145
196 137
7 2
39 5
6 3
6 90
9 8
3 4
111 3
51 69
7 130
1 12
130 7
7 106
1 75
147 26
151 1
7 1
119 111
1 9
1 89
87 141
8 4
6 39
3 101
5 3
2 146
2 19
4 6
88 78
1 53
14 185
168 1
31 135
8 197
5 8
192 32
160 140
192 4
43 2
9 98
4 1
97 188
3 52
4 172
138 38
165 33
9 6
7 1
99 104
10 96
58 181
55 178
157 107
164 75
83 79
2 10
9 3
75 11
7 136
91 4
135 103
190 5
3 4
82 3
6 5
91 37
91 128
2 151
10 7
5 185
1 23
83 6
7 142
107 128
8 2
130 2
116 1
163 2
20 4
54 3
188 195
6 155
5 9
113 2
10 97
25 4
154 43
52 11
9 6
167 165
9 35
37 123
5 7
9 143
9 84
4 33
4 26
173 142
199 2
7 1
5 156
9 5
141 191
1 187
177 60
1 172
4 85
43 95
39 120
1 2
6 70
8 2
8 19
7 83
121 10
9 170
8 11
155 3
159 9
119 105
134 8
127 9
9 36
91 158
4 8
46 169
10 6
8 3
27 76
25 2
9 2
65 183
73 6
65 7
57 6
8 3
170 3
1 10
70 4
2 9
102 1
4 45
95 160
6 112
168 7
78 10
79 9
105 47
56 13
6 169
5 8
176 1
4 3
116 23
8 7
136 5
185 9
109 7
116 8
1 59
7 10
82 186
50 10
47 127
28 107
7 12
142 189
122 8
92 1
129 30
4 172
59 121
55 9
193 7
88 5
8 1
5 4
114 53
8 28
105 63
109 2
8 2
5 7
157 46
97 53
132 7
194 1
166 10
4 39
193 7
1 9
83 8
114 10
3 7
60 137
8 1
10 62
19 15
170 74
54 9
185 122
178 6
4 80
2 8
50 62
96 196
156 10
8 130
173 75
31 136
105 4
1 3
3 182
133 127
1 192
170 61
4 177
4 103
85 7
167 193
63 9
3 69
8 44
19 128
163 102
144 7
1 10
6 5
134 62
195 165
6 3
35 4
140 7
59 8
173 7
99 103
4 167
4 173
9 56
4 95
168 9
1 111
7 2
85 143
8 32
9 92
55 29
156 97
1 2
125 59
1 87
71 3
2 193
87 61
9 7
54 9
137 5
65 21
8 193
34 7
9 2
124 75
142 174
3 7
91 69
101 31
177 1
128 7
53 9
5 169
167 7
132 1
5 105
10 129
26 4
1 9
1 2
6 8
29 18
8 183
10 1
7 3
10 8
8 193
4 95
10 3
3 187
83 169
6 123
47 51
140 182
9 4
179 62
7 1
10 95
128 49
59 190
68 101
5 103
128 4
163 2
149 9
7 96
113 1
3 2
115 16
132 28
7 107
111 53
9 75
5 9
4 114
40 170
1 4
108 130
14 86
2 8
5 2
3 6
69 193
135 1
150 10
9 5
41 9
6 17
150 6
195 8
5 122
67 8
8 164
72 5
3 6
2 9
127 4
3 21
70 88
3 4
20 8
9 6
1 10
8 21
3 4
9 110
196 169
113 187
158 4
25 23
31 115
84 82
134 59
9 67
129 41
158 150
1 9
145 10
9 7
67 9
8 90
104 101
69 195
171 20
192 139
134 6
137 53
189 166
114 149
72 84
54 180
150 8
44 1
133 6
7 8
8 9
52 100
5 111
3 8
8 1
92 3
29 1
90 2
1 3
10 8
6 40
3 184
5 9
5 150
186 15
4 178
2 4
9 164
113 3
152 147
67 88
2 5
135 2
10 121
9 6
139 3
8 56
192 17
10 70
21 113
7 73
9 1
4 143
2 28
197 7
136 6
2 7
123 6
2 4
192 2
7 4
129 28
3 4
8 7
177 68
142 5
82 10
4 7
195 42
107 8
63 3
18 57
10 1
16 5
10 63
27 124
100 117
2 154
2 105
8 122
10 7
60 105
125 124
105 9
70 4
56 176
4 5
8 58
3 23
2 3
37 42
7 1
158 6
134 2
3 1
95 162
4 8
139 20
58 1
10 3
5 7
25 3
4 9
175 1
128 9
5 3
5 29
3 5
22 154
12 9
10 9
60 188
1 8
10 4
2 126
27 1
26 51
1 5
2 5
165 36
25 6
141 7
6 118
2 176
2 8
135 99
3 186
5 124
157 194
7 19
1 158
71 2
1 6
41 2
8 128
10 5
8 2
137 86
7 1
8 153
160 92
6 8
193 91
51 10
153 131
8 25
28 134
1 99
1 57
7 28
4 57
192 6
2 10
95 179
10 4
116 46
6 18
1 7
6 74
192 147
6 20
3 4
170 54
60 17
172 10
125 61
198 5
56 23
7 8
9 3
9 2
2 6
8 24
5 3
88 7
142 34
7 5
18 17
2 1
8 5
4 2
6 9
142 5
9 38
42 8
3 120
3 8
106 195
134 124
9 99
4 38
18 4
1 5
48 10
70 5
130 9
21 77
128 83
190 9
77 35
9 7
145 2
1 6
6 50
57 8
4 2
139 10
166 8
3 153
2 32
3 8
9 83
50 192
9 28
2 159
30 147
3 108
8 103
172 3
2 51
36 9
2 8
111 196
6 105
6 196
200 193
51 3
77 10
2 101
9 3
2 196
6 121
6 93
199 9
72 1
7 4
7 4
1 10
3 107
8 70
101 2
5 6
24 8
53 3
2 1
190 123
60 4
6 10
198 98
72 4
53 7
25 3
5 20
10 55
7 9
10 176
70 4
198 8
123 156
1 177
5 41
148 142
130 9
23 4
149 5
145 177
8 1
2 6
134 10
7 6
8 98
4 6
37 45
123 75
6 186
123 3
4 8
2 139
37 7
5 7
140 61
10 4
3 56
6 10
150 8
1 7
137 3
5 93
139 2
1 84
4 141
2 176
3 132
66 51
9 6
40 4
22 75
61 3
5 194
195 3
9 193
49 4
30 81
3 5
76 8
3 4
8 49
3 136
35 50
122 182
4 122
143 136
3 196
7 8
195 49
9 67
34 2
113 198
87 193
127 10
4 8
170 2
7 10
10 159
6 4
15 151
3 144
6 10
8 2
181 5
181 10
130 115
2 167
136 51
8 38
20 181
134 76
174 4
5 3
8 59
108 1
168 144
185 6
109 126
8 151
6 9
9 10
10 139
10 128
125 5
3 152
17 3
8 86
3 4
9 166
166 106
127 64
1 8
35 114
34 176
8 1
5 1
25 61
5 2
9 10
150 46
5 69
2 121
130 7
5 7
17 1
1 84
151 39
8 1
7 10
4 10
64 65
2 200
42 7
42 190
55 131
2 136
92 51
4 105
9 20
8 98
56 4
10 9
10 9
66 5
2 8
65 156
5 118
5 7
188 159
180 82
149 3
5 16
95 153
89 102
3 133
2 51
153 39
48 2
1 164
105 4
169 1
5 179
74 4
3 24
115 65
7 150
76 8
61 192
30 58
126 100
37 9
40 36
35 112
5 16
4 10
6 121
4 10
7 2
6 25
5 30
198 2
1 2
4 174
68 10
5 1
146 4
151 90
27 183
141 104
1 81
5 10
3 1
157 7
5 200
178 2
169 176
17 175
113 160
1 120
52 4
114 177
150 1
87 121
12 134
8 2
4 1
1 6
198 154
140 89
45 8
180 150
36 160
53 2
10 4
10 86
158 84
92 7
91 59
10 7
150 1
4 96
15 9
9 31
180 93
6 9
85 81
8 25
8 74
10 9
10 35
18 139
174 97
112 139
174 3
4 8
9 5
108 6
2 41
92 8
13 8
138 86
6 8
6 145
13 187
5 169
11 9
69 125
93 8
17 5
7 5
3 130
4 161
165 5
4 106
10 159
110 50
1 89
71 3
68 3
10 7
81 182
9 32
69 171
5 4
9 189
3 2
123 55
182 200
52 93
8 134
126 7
1 160
174 4
2 147
1 188
111 158
1 108
177 14
1 140
4 1
70 9
129 9
4 2
168 9
3 62
4 195
1 42
3 45
3 6
9 153
17 10
187 168
116 2
6 9
152 2
193 52
9 10
3 46
33 90
181 137
7 2
4 6
107 8
51 23
88 28
114 87
36 8
42 72
3 10
69 148
4 23
177 8
1 8
9 4
31 8
9 3
10 192
67 7
129 132
160 144
105 4
10 3
121 4
5 63
5 7
146 158
49 150
91 2
73 11
93 8
66 9
7 2
5 7
3 7
26 175
87 8
7 172
8 107
7 113
81 27
25 3
6 2
141 55
153 48
7 8
6 5
5 6
2 6
94 7
10 17
5 77
168 6
2 199
3 7
119 9
7 129
67 3
6 181
1 7
122 1
171 5
3 156
41 40
10 1
9 58
5 1
92 114
111 4
3 9
6 83
24 34
67 192
9 143
193 198
9 131
7 27
8 5
166 10
30 5
7 145
10 8
9 10
6 168
69 7
1 8
96 10
183 123
8 1
54 3
9 167
1 135
2 154
106 120
166 76
4 167
4 9
2 4
9 119
119 1
2 186
8 9
56 47
121 65
1 131
193 27
96 14
44 6
3 10
32 160
14 8
127 3
2 6
10 2
76 3
2 7
52 9
7 83
189 9
2 6
61 3
137 38
85 2
1 5
34 51
8 2
6 10
8 188
1 7
90 2
2 72
1 76
186 97
3 29
106 46
104 9
92 69
7 10
2 10
7 9
3 155
2 7
112 29
86 36
136 5
8 10
175 74
6 41
35 2
135 75
5 129
5 16
167 105
1 5
83 7
172 5
27 154
4 63
10 58
7 2
31 159
165 113
9 6
4 94
50 33
32 181
115 7
10 163
4 9
139 3
108 174
10 1
176 165
106 60
9 4
3 88
105 198
142 20
167 53
52 1
3 154
1 10
71 4
159 10
142 68
10 2
79 83
9 86
30 98
82 49
31 8
124 5
153 3
3 4
76 34
73 4
168 4
7 6
35 58
10 4
10 75
101 6
5 3
4 121
152 8
45 18
39 5
164 6
2 116
178 186
6 8
10 2
147 195
6 7
8 15
2 9
191 74
107 2
32 9
10 127
167 9
154 20
138 1
5 42
8 25
6 78
6 164
32 2
2 4
2 135
1 76
8 158
5 4
3 8
3 2
166 9
7 157
6 157
43 9
50 1
4 5
64 6
194 1
143 9
7 38
9 189
3 162
51 193
73 184
7 153
50 9
1 10
10 141
187 2
31 4
5 62
8 107
194 6
20 4
81 9
9 7
167 3
56 43
72 3
118 77
60 8
180 1
5 8
9 41
10 2
174 9
163 4
22 1
7 174
3 119
88 7
105 2
5 6
4 6
53 142
9 94
1 146
90 89
9 33
131 9
173 7
3 10
17 102
69 3
130 8
7 70
4 6
5 9
193 115
9 176
102 164
124 64
27 6
9 7
8 5
2 168
5 178
5 188
151 174
156 8
4 5
10 74
4 8
34 2
6 146
63 128
141 1
8 164
172 105
121 191
6 72
3 5
3 1
67 10
99 5
3 165
8 4
175 8
55 3
2 174
10 90
33 5
10 161
10 75
98 10
107 8
189 129
7 101
88 1
5 1
152 25
4 170
7 166
1 136
185 2
39 24
66 6
6 9
2 8
52 129
33 7
175 10
4 72
174 4
8 2
59 1
130 5
4 2
197 8
10 4
7 129
133 5
5 133
3 25
8 171
9 2
3 73
71 8
2 45
13 131
84 9
8 1
5 81
127 21
173 104
142 6
54 4
177 47
7 8
191 26
75 94
1 7
3 6
158 1
7 10
11 130
7 8
3 39
191 8
75 190
15 139
49 5
130 180
78 9
7 104
3 4
106 5
21 20
134 35
5 2
180 63
140 10
134 2
5 71
135 60
84 94
2 196
160 54
52 135
9 170
7 195
92 79
4 118
100 123
24 108
4 155
104 1
30 142
10 143
200 9
135 3
7 194
5 115
8 193
145 5
65 137
52 79
6 125
173 130
132 82
183 25
1 194
45 7
192 137
130 2
4 134
8 9
23 184
1 87
10 62
8 135
173 8
8 94
4 30
174 162
9 3
58 154
53 6
1 10
1 5
7 6
166 6
141 137
36 4
5 31
2 139
133 10
8 75
9 64
117 8
5 11
6 48
156 5
131 5
3 4
109 3
41 132
120 80
5 8
72 114
143 10
3 10
2 112
3 147
76 1
9 94
179 24
10 2
3 90
2 157
5 123
137 10
90 3
41 5
9 10
175 188
2 10
171 69
10 160
9 8
87 6
17 3
9 5
1 5
157 5
185 130
15 1
134 3
5 10
153 6
35 60
1 133
8 125
7 6
2 8
4 141
3 7
90 185
10 107
4 55
5 10
3 57
2 4
162 3
10 184
8 10
3 9
135 163
8 92
17 9
2 53
7 129
149 98
9 123
43 10
7 10
28 10
9 45
8 156
86 104
79 112
1 6
121 184
9 3
171 7
6 1
2 7
5 7
3 4
9 189
186 47
10 20
12 45
6 180
189 3
101 1
49 7
164 72
197 9
7 98
4 9
188 180
162 70
192 3
2 6
47 5
3 185
10 7
5 4
139 156
29 42
70 29
166 3
6 7
8 10
4 5
17 86
78 190
113 5
9 1
10 41
93 9
200 1
8 7
61 5
56 116
154 10
5 1
6 163
65 90
162 6
41 140
85 156
4 2
81 42
9 5
165 90
148 4
25 2
2 6
3 161
3 151
105 56
7 85
10 39
198 8
200 152
67 9
186 15
10 2
31 10
9 47
106 8
55 141
1 13
2 4
5 117
9 35
7 28
5 7
3 98
114 7
159 9
5 180
167 9
163 179
9 4
68 20
196 6
2 9
9 8
33 81
21 180
2 34
8 78
7 5
40 119
9 90
151 3
4 172
163 7
162 7
1 127
89 9
7 108
22 7
62 1
105 127
2 27
6 191
198 85
159 6
8 124
1 188
117 101
10 7
188 8
3 37
4 3
52 3
168 27
108 4
64 5
4 199
106 3
166 142
135 1
5 175
131 9
175 80
86 160
1 64
170 183
10 85
9 126
142 7
8 3
142 1
115 1
52 6
110 131
2 198
8 4
150 186
17 57
3 161
78 1
5 115
98 145
1 58
8 1
9 78
5 6
9 130
3 107
175 5
7 1
80 3
106 178
7 131
46 9
2 10
10 143
43 27
3 71
165 10
1 2
114 4
81 4
157 6
6 4
159 187
60 3
156 104
2 6
7 4
1 3
10 188
9 160
25 9
3 6
166 1
144 71
100 58
6 128
5 120
194 57
3 96
3 4
59 1
7 161
119 5
9 8
102 2
7 63
9 40
9 30
130 82
5 194
83 3
5 60
6 136
1 100
87 94
196 167
117 4
118 10
185 48
1 15
104 6
26 5
7 9
10 7
195 200
112 177
89 10
71 90
6 2
10 177
150 2
1 95
4 98
10 2
75 122
59 9
60 1
5 4
5 101
10 174
144 6
198 5
5 2
8 66
98 9
55 93
189 16
146 1
86 200
10 4
5 156
4 9
4 27
119 187
57 115
41 54
105 2
22 72
7 92
120 7
2 67
49 95
6 100
3 112
117 9
4 9
10 161
148 10
9 102
6 7
131 110
100 24
129 3
141 48
5 3
1 59
80 10
8 186
4 16
10 181
93 62
64 7
10 1
5 10
165 6
52 17
181 6
8 34
48 2
71 5
33 5
189 10
10 93
184 87
6 69
26 9
4 6
69 34
54 107
99 6
194 8
9 3
111 103
3 19
2 6
3 9
193 4
8 51
1 160
188 8
44 143
128 3
8 10
65 82
7 97
9 10
184 86
67 70
86 8
1 74
9 6
5 3
100 3
190 10
9 5
51 8
24 5
6 4
7 6
36 1
8 3
8 166
75 86
105 2
10 141
43 139
2 176
45 4
19 131
6 2
152 10
114 51
57 148
8 10
111 3
4 176
8 19
168 58
192 81
1 109
173 192
24 200
117 54
126 135
76 116
7 106
1 104
5 30
7 9
91 1
110 3
8 3
8 107
185 179
1 9
6 9
7 2
181 5
8 190
1 142
8 34
50 7
184 5
3 199
8 119
3 9
95 7
175 4
5 1
19 9
34 145
3 8
164 10
149 173
40 118
9 34
77 114
9 21
6 194
7 32
135 8
6 7
7 4
10 73
91 3
59 171
84 6
97 13
9 108
157 180
8 10
125 126
8 7
8 104
81 40
4 5
1 119
8 3
1 99
5 2
92 7
9 31
90 6
2 192
50 1
40 149
52 156
65 2
130 7
9 13
142 5
89 49
145 2
8 172
150 6
18 1
152 160
5 7
3 160
14 66
96 131
10 169
2 8
13 10
5 195
21 195
160 48
94 6
72 7
9 143
4 8
7 14
10 1
175 124
6 33
114 3
32 30
9 173
115 9
2 30
1 172
79 7
110 10
188 10
77 189
10 117
99 10
86 176
5 7
4 37
7 3
5 2
182 2
7 3
60 70
5 177
9 8
2 1
5 147
3 7
95 7
1 9
8 25
4 188
3 69
112 6
181 8
138 81
6 117
26 4
110 62
195 152
9 7
108 125
193 5
7 4
5 79
171 8
169 5
23 118
54 141
10 2
63 2
144 9
2 134
109 1
1 8
147 174
194 8
5 53
7 16
3 100
122 1
10 4
5 6
184 6
5 175
86 93
10 113
4 2
4 76
2 200
31 8
146 194
4 78
161 117
8 196
3 144
8 107
125 126
12 39
86 179
96 127
4 68
4 92
14 7
193 5
83 99
4 2
3 7
192 46
195 143
10 60
177 120
33 2
6 4
54 53
122 81
41 40
76 10
73 5
3 9
158 2
10 6
7 175
179 170
5 6
126 19
3 5
184 4
4 121
145 6
151 132
1 124
27 10
2 8
89 139
9 4
151 55
160 1
6 7
185 69
143 2
75 8
7 4
1 147
55 8
84 7
135 10
158 121
193 4
5 1
19 51
4 1
5 7
7 9
7 3
110 87
2 61
93 116
5 148
8 5
2 11
7 8
1 147
167 5
7 8
42 26
182 14
4 35
2 5
7 3
1 14
173 98
115 9
28 4
5 6
7 66
24 118
147 7
69 149
2 165
2 9
6 2
107 3
2 3
110 2
1 7
1 100
141 6
4 66
123 96
28 3
128 1
146 11
156 6
2 6
141 6
9 8
2 1
63 156
5 7
10 2
5 183
169 80
12 6
190 67
8 175
2 43
168 6
172 51
53 142
84 8
8 145
110 9
194 9
25 8
9 70
1 147
32 25
118 5
2 95
46 1
7 1
9 5
10 127
199 5
3 6
10 153
144 161
198 7
53 3
8 84
4 6
5 2
8 90
1 8
2 109
109 6
3 74
1 8
10 61
1 146
5 10
6 3
5 7
163 145
1 4
1 42
4 122
4 10
7 41
2 8
148 175
156 4
183 2
9 4
10 1
9 37
8 1
55 6
2 1
8 2
146 2
7 1
53 2
21 6
90 31
9 3
76 131
2 9
55 109
52 90
54 9
73 9
100 3
137 5
7 153
6 10
6 110
3 6
187 4
9 56
98 139
112 106
120 7
5 198
25 131
71 187
7 11
8 148
1 151
97 2
126 64
57 12
5 2
165 11
3 6
12 110
8 9
9 7
152 1
44 82
65 58
5 44
93 9
93 3
130 6
8 182
48 173
162 9
139 2
61 4
70 152
166 6
23 8
9 189
160 113
7 9
75 7
54 94
37 185
5 8
100 5
6 172
5 10
74 9
8 7
123 4
6 9
113 31
67 62
64 3
10 6
10 6
10 6
5 55
10 112
10 9
6 7
98 2
96 113
9 117
3 1
5 107
4 8
53 109
177 3
2 129
87 2
70 23
9 124
28 132
13 4
49 48
10 1
78 199
160 128
10 1
2 171
10 110
22 8
6 107
189 6
4 112
85 3
64 7
106 137
177 108
7 10
55 4
16 68
39 195
6 2
32 189
90 75
8 3
10 78
5 107
41 4
3 8
57 139
4 15
4 135
56 7
7 1
45 8
1 8
7 9
194 64
7 11
25 4
4 198
171 41
172 133
18 102
8 3
36 7
68 106
8 183
3 7
25 49
4 95
2 3
197 3
173 3
165 194
70 3
171 8
9 8
13 6
10 2
2 7
31 33
5 123
9 7
4 48
14 52
78 8
7 91
8 7
47 7
191 3
128 3
6 2
183 9
11 182
8 33
196 5
70 87
6 4
8 10
8 103
38 71
3 118
46 10
193 10
46 89
7 2
158 113
22 5
7 10
40 68
4 47
154 4
189 9
6 7
16 177
172 31
123 1
7 3
170 5
103 14
21 105
4 19
89 7
9 2
8 162
3 2
35 1
16 10
6 9
47 25
136 2
132 9
134 7
59 1
68 1
86 4
19 27
126 7
76 1
9 3
8 3
170 173
193 6
63 171
89 5
10 99
4 1
121 6
5 145
74 13
3 6
96 45
9 4
18 63
9 145
100 6
38 2
187 9
129 10
38 49
67 1
3 10
3 124
10 106
9 2
102 194
51 9
171 24
3 10
60 160
10 148
4 100
51 1
159 3
10 1
130 10
9 6
16 182
5 149
35 187
115 117
6 8
4 7
42 72
10 170
70 97
10 7
140 4
2 59
7 10
165 1
7 8
129 118
102 9
148 200
43 2
8 149
120 41
30 72
3 124
1 45
147 148
4 3
92 163
10 167
1 39
87 1
9 5
9 3
3 18
191 5
50 141
61 1
78 125
29 9
114 2
76 8
171 4
10 1
135 7
157 153
139 144
3 10
4 129
1 134
144 127
6 4
1 168
1 7
7 98
6 70
73 2
2 10
30 4
4 10
9 10
196 42
190 7
3 7
1 29
115 7
64 163
3 1
4 9
3 4
5 104
1 29
9 80
14 77
3 8
148 46
70 81
10 9
168 62
94 2
1 130
55 6
4 6
6 4
143 5
173 116
8 118
3 4
7 52
6 10
174 43
2 42
2 155
2 177
170 6
7 5
4 7
109 154
5 4
10 9
123 164
10 153
176 32
9 118
90 6
61 9
8 151
3 7
2 8
80 2
45 41
18 4
91 113
2 15
128 7
79 71
30 142
7 6
80 10
122 10
6 3
155 4
81 4
6 39
1 8
4 3
60 28
145 67
10 9
126 3
4 184
28 9
181 23
50 10
9 95
80 1
38 187
10 3
58 61
46 2
24 2
50 5
126 121
127 155
1 9
2 147
64 144
9 71
4 198
131 10
123 1
148 49
4 14
168 121
125 7
1 10
3 109
9 35
5 4
10 1
3 2
3 9
5 1
8 10
171 90
3 9
104 97
9 190
3 2
4 8
6 2
37 46
6 182
3 7
39 4
9 4
5 76
5 151
118 10
7 30
5 4
59 133
21 56
9 102
7 60
127 92
93 4
107 43
9 4
62 58
29 166
132 9
15 5
34 1
136 8
140 109
2 110
68 36
4 148
26 35
7 15
33 1
4 6
6 158
150 1
43 9
6 83
52 186
10 159
3 132
46 7
129 4
29 4
116 7
34 4
1 7
9 1
4 27
143 70
194 8
1 10
149 1
1 25
52 37
70 159
120 118
122 164
9 2
49 73
191 2
3 2
113 194
4 132
7 170
74 136
112 1
6 111
135 3
118 5
154 7
156 176
160 4
123 21
125 142
197 10
1 20
144 157
48 9
151 1
6 10
1 23
10 7
89 3
151 1
152 171
2 10
5 9
33 49
173 112
10 3
4 6
4 6
30 5
8 4
35 190
19 4
5 133
5 8
3 4
38 6
74 83
136 164
170 9
186 113
172 130
40 129
6 1
178 200
5 23
41 119
10 106
162 158
8 43
5 10
5 6
7 3
189 8
8 158
8 9
99 172
1 10
2 5
169 10
10 127
51 5
80 3
1 6
3 196
16 5
10 4
119 10
3 5
10 8
5 199
88 105
196 21
3 181
80 3
5 92
147 10
73 2
15 107
143 98
69 3
97 8
1 108
61 36
152 6
4 2
5 155
198 5
4 3
156 108
110 2
177 7
19 7
3 2
51 7
156 7
6 200
9 1
107 138
6 78
143 5
6 155
200 9
162 1
138 8
2 1
4 63
152 105
6 94
152 114
179 8
101 2
120 9
184 20
8 74
156 167
161 4
2 9
171 120
189 6
148 5
7 96
1 9
4 152
6 24
135 38
8 5
32 196
6 8
72 130
105 6
63 5
78 4
200 6
6 38
57 4
3 1
92 146
4 1
171 5
111 3
3 31
8 103
55 131
78 120
117 66
13 10
4 17
172 147
8 38
5 7
7 60
1 5
21 4
86 111
4 24
18 130
10 6
86 7
6 68
10 9
126 8
6 9
170 75
198 98
143 10
6 94
2 8
111 10
104 184
80 69
5 2
9 2
171 93
2 185
9 162
7 184
108 4
31 3
66 9
129 89
10 108
137 7
7 8
1 9
4 100
67 61
195 3
31 159
145 26
131 7
130 3
199 188
190 199
9 193
71 1
1 182
84 1
140 5
10 3
6 7
88 3
143 89
6 1
106 107
149 195
123 41
117 6
1 83
7 175
4 63
193 9
3 37
24 10
52 58
6 8
2 185
8 10
9 1
121 78
141 118
109 198
7 139
2 10
7 113
3 5
4 9
3 176
1 6
164 48
24 15
163 6
6 156
3 198
118 7
123 112
123 10
123 157
8 7
185 45
70 2
9 28
6 28
8 9
38 155
5 153
2 23
196 57
172 21
6 8
7 3
119 9
91 6
2 110
89 4
97 146
4 107
43 138
99 102
37 22
62 89
14 53
151 4
170 9
9 175
4 3
3 6
105 58
8 6
8 52
7 1
8 119
83 9
158 42
123 146
5 10
148 179
190 9
94 189
81 5
196 7
2 3
3 1
1 169
86 1
164 74
10 2
5 61
109 155
80 31
8 7
157 122
1 5
8 4
10 5
158 10
56 17
3 6
65 175
2 5
149 72
3 9
36 26
1 10
45 132
10 139
158 47
6 7
6 89
6 19
8 124
6 7
6 78
101 18
62 3
6 108
94 9
10 1
163 194
144 165
44 7
178 24
93 145
60 9
181 5
34 22
10 171
109 1
13 8
6 1
10 126
3 109
172 10
131 3
165 8
108 4
86 105
77 87
88 6
170 107
72 5
1 186
163 91
189 22
55 185
53 10
8 51
10 71
118 160
124 4
11 153
5 9
90 189
113 6
147 4
157 122
8 10
1 10
53 49
10 175
11 5
8 4
174 156
139 7
164 78
9 3
154 114
8 166
29 13
3 199
4 2
159 10
147 144
33 57
41 3
187 2
9 4
4 8
2 171
2 26
72 196
2 7
9 6
94 9
136 61
107 6
64 115
100 10
141 5
109 191
8 6
2 4
161 1
3 174
5 9
6 109
3 10
53 147
136 46
3 4
6 4
5 1
3 5
7 88
7 6
172 50
2 1
7 10
77 45
9 57
10 6
132 10
147 83
10 139
137 7
54 167
81 80
167 103
7 186
175 86
105 179
95 196
169 113
122 6
11 4
53 9
21 6
56 38
7 162
10 82
91 161
47 61
1 2
8 2
66 29
81 129
2 6
175 5
9 8
23 44
6 66
110 4
34 10
8 167
123 4
4 54
112 7
7 4
3 39
97 5
8 198
4 51
3 1
105 173
7 44
22 191
49 181
123 70
94 4
6 68
9 145
8 2
130 1
106 7
7 188
10 41
8 159
163 199
8 50
2 10
184 5
104 33
40 98
24 113
5 181
79 8
131 46
154 108
138 4
85 137
141 10
186 4
1 3
133 5
5 3
3 8
49 5
74 10
6 3
8 4
8 187
1 4
6 8
4 9
2 51
48 106
4 72
2 39
51 98
21 3
8 194
2 76
1 11
10 161
1 123
188 1
2 3
5 7
7 174
7 9
83 7
105 10
40 195
9 200
6 167
123 47
3 13
7 2
8 37
6 133
5 6
25 105
6 7
2 9
9 10
1 5
9 150
6 5
104 97
37 3
4 10
1 116
78 93
27 128
5 1
138 3
4 9
60 2
120 163
9 159
5 1
28 2
10 145
157 6
4 136
191 1
2 153
4 9
194 102
2 1
188 195
181 3
7 6
8 173
8 60
165 96
38 9
102 42
9 145
39 41
2 48
1 124
181 5
103 3
10 8
38 77
101 8
6 158
60 193
11 127
34 3
144 1
1 3
9 2
21 67
7 2
117 5
3 4
180 138
6 2
35 10
133 110
9 4
5 2
4 10
5 6
143 193
8 5
7 4
7 18
3 8
68 2
9 6
7 97
154 124
9 10
3 125
93 4
12 116
9 121
84 64
8 10
102 18
129 68
8 10
7 3
8 174
93 5
84 25
2 4
2 45
96 15
44 145
178 56
97 31
113 5
8 4
35 146
123 61
121 10
13 171
197 9
56 2
5 69
30 10
155 1
7 6
119 28
177 3
8 10
127 17
8 97
17 4
181 9
5 47
156 5
187 13
7 181
157 86
3 175
6 168
3 184
5 147
4 26
2 80
4 86
69 3
172 150
149 134
10 53
8 85
4 6
169 10
107 2
65 164
5 81
100 2
140 9
83 6
8 114
110 11
139 5
98 13
59 113
191 5
8 86
108 132
35 183
9 6
2 80
1 6
5 86
5 10
6 3
128 141
10 1
165 2
2 8
194 159
1 9
114 175
6 7
176 4
35 5
74 38
90 3
10 2
5 3
82 78
7 9
53 164
195 24
1 4
3 97
21 2
1 129
92 6
59 5
64 173
4 5
6 9
22 9
6 9
149 6
1 168
5 18
8 41
129 2
124 8
1 70
6 33
165 2
173 119
10 7
3 9
57 8
5 10
41 7
2 6
2 9
72 52
146 8
116 8
91 170
51 9
7 56
10 36
7 69
2 10
130 58
65 3
7 9
97 31
4 174
4 112
120 142
27 4
6 113
7 53
51 1
3 126
116 13
4 8
9 142
12 140
4 133
1 188
9 149
10 27
174 133
7 181
133 92
4 189
145 3
143 3
82 6
188 156
158 3
93 54
10 7
5 6
144 1
158 10
197 7
95 69
166 121
14 151
3 10
174 1
8 104
40 8
49 102
15 8
2 136
199 134
99 192
6 101
5 9
51 185
37 2
4 91
139 8
2 161
9 196
4 128
40 53
2 38
3 178
10 6
88 6
130 36
4 9
152 90
179 6
2 190
128 7
38 5
139 58
2 10
159 75
7 9
3 138
8 7
73 5
28 3
10 5
134 8
9 66
10 4
24 1
4 9
81 3
38 8
64 5
10 1
54 11
3 2
8 116
6 197
107 27
7 179
3 4
61 7
6 3
194 7
8 67
67 134
185 2
83 166
3 130
195 10
151 86
142 157
129 154
8 9
8 6
170 98
4 5
7 1
3 9
8 158
22 129
3 8
70 8
7 104
21 1
158 5
3 2
6 10
10 151
111 17
8 191
103 167
6 10
1 10
1 10
86 7
130 8
7 18
125 1
9 3
172 34
170 47
71 150
10 97
51 35
4 2
8 172
4 6
23 8
6 3
71 134
87 9
48 42
27 9
6 10
150 32
62 115
7 3
6 4
75 199
164 138
191 2
100 190
183 8
55 111
10 30
4 8
7 5
81 148
99 1
99 7
167 146
68 9
6 7
5 174
6 2
8 28
117 64
105 150
4 67
166 2
4 10
188 52
155 6
170 5
7 82
5 10
83 157
9 199
10 78
132 8
148 95
20 134
10 25
169 126
7 10
2 1
160 154
151 160
27 10
9 6
9 3
2 158
4 185
6 130
1 10
141 10
10 60
129 130
10 170
85 9
2 128
8 78
173 29
3 4
3 7
6 48
122 4
4 5
33 8
9 179
104 158
198 7
135 58
4 121
9 8
194 8
4 8
3 163
144 83
10 4
129 6
166 199
8 9
6 49
153 9
159 85
4 8
4 6
10 42
138 159
5 3
119 54
10 6
95 2
103 1
24 152
125 1
86 2
8 9
4 196
9 2
10 49
37 10
155 158
9 159
26 9
155 10
69 2
181 8
34 8
10 4
51 7
7 10
9 178
5 7
10 2
86 35
6 4
121 2
95 2
7 162
3 190
37 175
33 1
167 9
89 2
4 7
59 88
144 192
89 122
187 91
156 21
7 9
1 5
120 8
110 4
37 2
23 137
3 168
64 7
34 3
129 8
87 113
110 88
46 107
9 75
4 6
8 2
88 106
165 136
121 70
5 7
66 69
141 3
181 4
6 58
9 37
128 28
48 10
139 8
7 145
30 94
27 158
97 186
107 1
6 175
109 3
6 4
90 8
52 1
5 9
19 9
6 122
10 3
42 4
98 197
2 4
14 6
148 6
3 179
3 2
6 71
5 74
39 1
8 83
7 151
129 99
4 177
3 122
9 64
23 89
6 4
43 4
33 63
1 6
123 168
7 194
3 6
6 185
6 158
3 6
2 8
197 84
134 109
2 76
7 183
137 2
170 165
3 150
2 157
194 5
177 147
58 155
86 81
7 3
109 131
126 3
115 116
66 3
9 7
74 8
7 95
6 65
130 194
4 3
4 10
44 178
192 43
8 2
80 6
6 178
8 5
2 7
14 72
72 139
8 9
1 2
104 137
5 119
117 151
27 7
2 178
9 75
9 132
82 3
9 155
7 5
4 36
1 10
4 1
53 26
20 53
10 194
136 4
4 8
192 7
125 162
3 116
2 131
6 5
143 144
6 10
183 4
60 52
121 9
10 164
80 77
2 170
116 95
81 9
1 195
45 54
129 162
15 178
9 177
3 30
49 169
3 2
105 96
10 8
156 186
171 72
2 184
10 7
7 6
4 2
7 1
127 5
4 65
172 7
6 158
27 132
5 157
7 8
8 106
3 97
56 8
3 116
3 4
85 114
2 10
131 101
24 124
171 117
8 50
189 96
82 114
4 8
7 136
116 6
9 4
121 12
53 89
120 171
3 60
3 7
9 1
4 103
170 6
121 2
2 54
195 168
2 1
10 186
141 160
10 196
90 133
9 10
3 7
10 1
61 9
1 5
9 157
93 2
189 2
5 70
87 188
5 28
8 3
2 58
169 146
9 155
118 92
162 7
83 3
156 7
85 184
10 2
51 9
7 9
5 105
65 4
187 74
194 4
192 3
90 100
136 2
8 9
8 7
170 75
11 153
80 190
3 5
2 7
10 126
97 78
116 71
64 81
57 29
190 101
47 9
5 119
76 5
92 110
8 9
48 54
4 99
5 119
136 11
1 11
9 57
173 23
77 8
7 9
191 156
87 13
185 2
2 143
190 91
140 10
134 1
5 181
4 3
4 6
4 73
119 5
110 113
6 8
7 3
143 13
163 2
36 29
5 6
5 3
140 1
10 3
120 9
50 4
3 54
75 10
8 99
71 4
10 6
187 10
10 112
107 123
30 64
193 10
8 42
147 91
10 134
9 21
62 5
68 157
93 4
2 5
47 156
112 3
193 2
2 6
6 109
130 54
1 10
42 88
5 3
25 1
5 9
5 8
22 8
117 9
98 141
8 5
48 4
10 32
30 97
190 169
2 25
94 5
23 39
3 111
9 181
1 51
178 7
2 5
93 84
48 5
31 78
20 9
3 1
2 48
170 4
70 4
10 2
64 5
7 48
2 7
198 27
41 3
3 13
134 43
154 130
3 89
9 155
6 9
9 7
137 173
149 40
130 145
10 4
8 10
1 92
100 189
22 87
4 189
8 44
173 3
172 7
156 71
1 4
2 197
73 6
6 178
1 176
10 129
28 5
140 2
10 101
33 2
71 10
7 5
73 8
7 130
10 67
30 9
185 9
89 4
187 10
87 13
151 9
172 4
147 10
54 88
3 4
9 4
4 11
52 8
1 2
69 86
162 81
174 5
9 1
5 10
3 163
2 8
49 181
6 19
5 8
2 4
10 5
3 1
5 186
10 157
63 10
6 2
4 190
10 4
1 8
181 34
5 8
7 138
6 5
4 14
3 4
100 9
10 7
135 7
91 3
6 96
2 3
18 99
138 158
6 16
2 6
7 9
127 56
121 181
8 105
8 111
5 179
4 5
4 108
123 9
3 2
120 12
4 173
161 136
5 10
142 74
145 179
5 7
4 61
8 3
9 57
123 162
3 2
154 38
7 173
25 186
3 197
4 117
122 148
180 9
51 200
112 158
24 8
108 7
7 5
188 3
160 162
4 9
75 10
47 66
9 3
80 119
2 1
9 167
5 87
3 4
38 4
27 106
182 60
5 9
95 101
4 8
7 23
2 126
93 5
41 10
193 6
21 4
3 4
103 1
163 53
10 7
73 1
10 2
145 4
6 5
9 10
116 7
3 96
11 10
119 188
2 9
7 146
2 1
10 8
38 168
121 190
179 122
157 3
190 4
160 9
179 9
79 156
86 32
6 133
5 17
8 122
64 114
163 10
7 50
8 22
22 10
4 5
7 10
48 3
94 150
25 82
53 7
8 22
68 154
136 7
122 10
2 87
59 38
4 19
8 4
4 85
3 164
6 99
188 8
7 9
16 51
91 134
108 3
6 9
2 143
1 4
55 7
198 197
91 27
172 8
69 13
7 10
56 52
125 61
9 10
154 7
127 8
60 8
31 165
57 116
37 20
21 85
9 60
1 157
7 3
83 150
5 16
9 68
3 117
4 1
7 10
7 96
1 4
4 3
34 30
4 1
4 18
3 18
42 3
9 103
119 181
9 99
8 3
10 35
8 129
8 39
148 1
167 7
9 185
5 118
9 8
163 3
3 8
76 170
3 109
48 6
37 85
150 6
150 184
10 1
69 7
7 5
2 1
1 34
2 147
51 31
5 58
9 8
10 88
136 131
9 87
179 6
9 162
1 8
4 2
137 72
1 7
28 117
5 33
85 171
5 28
7 53
107 45
4 6
4 7
111 6
4 56
96 94
1 81
149 3
10 9
1 9
58 10
3 10
26 69
57 7
7 167
9 91
168 174
136 81
9 108
2 6
7 9
5 4
2 4
2 1
31 7
6 67
7 5
121 45
42 77
1 11
85 38
159 7
8 10
1 32
127 92
1 28
9 10
11 132
89 10
198 17
128 9
7 28
122 1
154 166
5 169
52 8
22 115
90 8
1 197
8 6
79 107
165 107
161 148
171 34
10 7
5 143
125 131
2 6
161 41
63 116
190 1
6 18
179 181
5 56
5 6
2 25
1 53
175 7
9 87
197 169
2 63
6 1
146 6
3 5
135 6
8 6
143 32
162 42
4 1
1 16
7 10
126 124
9 105
5 47
69 1
116 7
9 7
5 163
5 44
10 145
14 2
126 1
10 7
95 9
10 3
5 10
7 5
191 146
5 130
3 119
122 8
199 6
127 9
139 116
141 9
2 5
8 141
6 2
107 1
83 6
195 9
9 45
81 139
109 1
27 2
159 10
10 152
2 8
9 7
1 90
2 103
10 3
26 129
19 8
3 1
29 6
132 8
167 7
95 169
24 4
175 68
5 10
140 5
42 171
48 89
2 5
93 1
3 7
3 169
4 9
48 7
2 7
5 129
168 89
101 9
175 2
6 1
140 15
2 9
81 9
6 55
5 4
8 27
54 7
44 192
7 4
10 110
7 60
4 2
1 21
132 8
6 8
3 103
19 6
52 198
196 156
1 172
5 178
70 10
80 121
147 153
102 1
9 6
44 5
116 163
5 7
85 90
1 131
185 4
5 3
168 9
60 133
159 10
6 117
137 10
49 139
133 23
163 5
177 1
131 8
144 6
9 2
171 176
38 167
141 118
7 97
3 191
179 84
6 86
53 19
46 70
77 17
187 2
3 1
74 63
156 2
186 146
182 102
10 123
183 2
4 5
9 6
123 59
56 7
2 198
4 8
82 8
64 90
89 9
51 8
3 5
1 153
4 10
23 116
2 10
196 4
5 47
171 104
9 4
6 197
170 5
3 7
6 36
13 3
161 9
93 91
3 10
3 9
155 2
8 7
85 61
6 84
110 46
4 143
147 33
60 4
196 109
64 4
99 124
63 8
3 96
184 101
6 134
41 199
1 31
4 24
183 4
146 147
18 114
99 9
6 2
7 200
161 32
6 5
19 10
6 25
3 37
9 1
1 18
14 49
8 9
103 169
3 100
15 39
5 8
126 6
7 6
168 169
120 6
7 3
140 120
3 144
62 6
18 6
126 4
106 9
173 4
10 39
70 164
132 2
28 4
132 129
163 36
7 75
6 1
154 165
66 20
2 6
8 70
5 162
102 6
2 59
98 5
6 35
55 15
3 5
123 9
118 66
9 60
9 2
10 3
129 61
10 81
186 8
3 11
4 149
153 1
49 36
2 109
128 39
1 21
172 43
10 6
112 149
8 9
8 12
79 1
1 61
5 69
1 139
32 174
39 7
154 77
180 5
52 105
194 9
117 43
6 147
176 167
6 9
162 1
2 3
19 1
164 77
20 5
9 1
141 143
136 43
9 22
6 106
190 3
9 7
7 199
2 3
6 95
198 3
53 9
21 7
24 6
5 1
192 57
192 143
66 4
7 67
163 1
27 102
163 2
1 6
7 34
3 6
89 76
159 198
5 27
49 8
1 5
5 146
175 93
9 20
8 175
129 1
20 29
162 6
185 79
7 3
10 116
108 115
7 116
3 9
3 62
140 124
10 4
41 7
50 122
83 7
9 101
2 104
161 187
107 3
193 4
4 6
115 177
3 161
3 1
9 7
125 147
10 7
125 7
1 9
33 124
189 2
7 1
3 37
39 10
1 75
9 4
42 4
5 199
78 119
3 10
7 127
4 1
8 21
110 101
3 6
36 118
194 72
165 4
6 10
138 125
8 174
24 3
13 1
164 187
5 8
53 7
126 6
9 67
199 149
7 34
4 160
9 4
101 9
5 3
8 7
135 1
71 7
10 7
4 10
73 4
3 63
137 5
1 183
3 2
2 68
117 134
35 121
7 131
1 195
7 3
9 54
2 73
1 3
5 2
2 4
