1000 500 1000000000
774 167
876 97
409 751
549 934
598 944
883 986
736 191
125 761
126 954
227 57
768 279
295 692
203 460
520 341
875 735
733 1
902 961
97 310
711 998
595 308
941 477
645 28
19 769
788 496
723 367
904 842
645 551
533 199
10 52
539 237
138 624
237 39
584 685
700 646
682 646
953 974
474 950
353 845
70 141
340 792
507 596
633 503
146 517
701 155
568 592
391 706
567 979
96 502
664 148
147 697
793 451
671 619
400 375
463 470
515 154
613 373
749 598
227 894
114 280
401 34
871 143
739 789
122 186
290 785
333 788
833 478
238 855
448 990
230 262
811 96
415 423
469 516
372 47
409 486
326 161
519 548
304 609
336 777
794 977
561 479
764 745
308 354
600 755
343 829
16 153
924 430
927 744
297 299
791 706
136 468
218 6
16 521
614 703
297 759
32 209
237 147
954 896
500 553
650 194
733 665
346 8
447 625
752 743
275 894
800 410
361 18
767 728
890 380
783 187
490 814
747 79
312 52
974 812
604 624
5 688
640 703
696 86
327 447
181 953
692 332
714 52
349 480
132 239
211 914
777 700
79 523
778 390
575 104
553 530
79 558
218 718
612 265
156 290
63 688
242 754
19 955
157 368
434 288
958 644
553 734
695 983
608 825
725 534
928 277
64 6
186 633
75 797
897 582
86 311
269 679
64 288
633 220
7 418
860 964
61 412
49 756
747 656
580 471
190 859
99 605
216 285
589 290
433 837
872 871
147 140
549 210
779 534
781 785
951 640
100 364
404 148
471 150
156 402
972 697
260 70
653 827
706 241
116 139
77 339
361 223
831 261
784 609
794 564
746 97
204 845
460 607
345 282
108 500
683 79
548 294
148 200
120 206
440 587
344 868
926 56
90 756
316 873
716 462
788 461
910 991
658 369
949 354
2 56
205 684
486 752
977 986
303 448
191 742
34 886
609 959
941 50
66 608
274 134
69 61
946 978
404 603
698 352
308 699
760 512
734 245
263 62
230 565
509 420
658 543
657 618
853 597
667 919
205 292
404 625
705 349
955 108
304 4
811 611
55 922
123 788
167 737
850 748
302 358
520 311
252 176
929 105
125 947
375 329
591 130
305 295
478 611
402 781
615 564
392 669
486 514
808 4
250 657
751 903
367 622
214 970
150 494
426 274
440 152
954 30
281 258
676 759
221 77
539 835
993 282
855 478
147 662
833 749
319 583
651 37
557 216
6 706
709 432
979 501
583 284
882 216
541 558
974 113
986 864
947 978
146 801
807 644
815 639
392 133
574 395
521 130
610 526
187 671
309 517
523 244
800 404
459 692
313 432
805 299
647 103
628 144
256 435
788 70
425 179
554 998
573 74
479 535
951 17
205 260
533 727
503 684
482 313
376 795
96 532
445 742
634 72
886 241
858 673
310 283
203 863
280 776
936 111
310 887
127 866
498 12
944 352
695 425
664 422
571 759
305 15
852 291
87 737
531 944
761 841
578 964
55 858
91 991
320 400
229 798
617 726
809 560
77 856
336 92
629 907
202 286
273 53
576 359
790 458
655 902
650 232
865 705
441 955
47 112
706 627
910 322
352 70
233 780
925 569
871 906
827 424
191 99
476 118
810 617
575 816
519 225
47 735
281 840
42 679
303 747
305 212
421 656
634 653
787 558
573 9
815 399
432 357
850 907
474 659
876 401
474 394
625 872
128 257
63 169
935 366
268 239
929 688
246 562
692 384
472 265
392 286
15 823
995 216
81 468
874 956
868 699
701 844
923 181
100 337
701 386
702 968
976 983
7 221
544 699
604 367
315 347
5 681
521 999
897 954
466 122
909 686
821 962
529 95
142 981
431 842
366 485
162 342
467 168
914 362
218 870
729 532
216 733
565 737
83 461
42 548
582 950
585 754
911 114
200 404
446 631
246 163
115 407
856 933
926 770
294 144
991 374
27 206
458 591
294 540
403 335
440 337
637 24
90 899
137 290
303 934
272 900
97 738
658 952
670 935
721 315
78 711
689 105
269 498
47 914
38 450
601 477
786 237
500 875
487 989
516 141
922 139
392 370
876 49
322 897
984 394
212 413
105 252
869 725
749 916
990 138
365 590
966 150
826 818
376 665
806 244
805 79
382 197
449 610
597 770
506 932
163 69
697 619
672 565
695 773
480 685
262 844
274 228
345 452
45 73
468 850
316 272
280 49
820 80
658 769
201 516
700 716
936 396
686 960
313 381
732 792
417 993
988 690
220 684
493 616
756 960
465 71
584 97
472 403
176 481
171 729
996 223
444 284
970 129
243 282
509 326
426 277
318 765
319 890
448 811
505 204
123 322
626 706
770 97
460 297
578 983
25 925
557 468
208 526
597 802
160 457
127 585
86 797
349 404
38 796
214 894
351 688
567 977
393 336
73 205
633 2
187 9
927 95
477 486
620 425
640 131
233 766
67 318
914 415
721 303
563 287
197 265
974 115
241 719
451 666
923 435
19 461
443 945
555 271
783 526
47 422
657 632
539 723
949 805
490 22
107 404
660 655
668 633
770 261
351 572
278 625
358 296
437 152
593 991
423 375
869 821
148 877
452 38
599 753
194 440
774 301
843 433
307 863
417 428
123 120
999 400
96 356
695 533
508 639
875 282
13 743
102 512
971 906
902 922
658 95
361 783
747 556
567 54
770 335
481 892
454 832
643 550
539 689
434 46
328 308
679 692
403 133
556 725
38 457
646 47
551 359
829 298
914 747
703 683
81 535
926 887
366 568
788 905
608 573
302 935
232 981
979 986
465 534
711 502
990 356
900 892
714 80
541 979
826 243
13 258
778 938
144 495
857 283
399 817
855 53
751 87
385 81
72 849
614 782
350 955
490 249
847 555
328 739
534 505
982 546
114 111
836 258
605 44
892 356
860 99
408 963
185 792
43 608
992 657
742 341
963 231
941 161
785 620
900 670
476 233
568 589
343 403
198 299
446 442
654 658
540 413
620 724
556 662
683 547
670 424
239 985
654 531
145 791
502 396
460 977
628 27
918 970
429 115
621 227
556 626
236 95
39 855
170 594
868 853
493 538
276 731
522 282
262 18
72 763
414 531
92 41
910 9
363 690
475 335
268 383
960 503
829 998
357 999
944 225
203 436
114 830
166 987
111 779
4 182
894 769
65 985
810 326
345 524
15 819
858 283
553 817
785 382
815 494
380 110
718 934
545 183
763 62
169 874
841 524
407 86
293 823
70 454
148 766
977 163
936 186
445 489
2 581
870 168
74 601
277 143
534 173
325 648
235 493
521 427
369 280
512 661
102 933
114 250
698 442
764 633
627 560
473 628
140 342
148 566
294 776
708 827
949 33
827 535
877 347
313 597
978 176
257 80
108 722
681 157
163 796
141 789
355 614
769 846
955 268
411 249
43 119
427 343
503 253
229 731
952 541
328 929
716 936
360 175
658 392
331 172
187 472
961 893
85 81
739 391
348 149
991 390
619 418
85 473
22 313
556 325
206 235
606 921
170 317
96 179
709 778
351 247
249 663
140 685
743 878
76 90
378 66
831 997
835 915
821 209
580 376
533 785
610 490
57 132
807 504
310 867
282 12
113 882
674 252
567 416
129 642
857 859
59 40
855 246
306 27
454 885
403 338
21 364
828 78
495 986
581 157
852 214
520 964
96 194
216 14
961 696
7 170
554 65
209 760
310 514
787 115
751 541
453 771
256 632
200 103
617 133
259 468
346 778
431 793
323 998
806 284
46 812
453 599
229 13
711 538
526 849
5 628
741 457
399 996
88 950
98 56
82 708
523 780
838 305
572 160
303 730
795 700
541 599
650 121
611 360
659 489
560 15
116 300
471 866
648 910
816 745
965 897
805 839
676 642
495 600
801 149
329 948
848 869
546 498
990 157
209 1000
645 769
366 112
420 836
978 67
97 793
164 413
41 320
603 69
961 97
668 113
246 996
60 93
216 606
590 557
114 151
908 110
271 273
221 690
460 550
109 908
694 624
672 87
943 274
155 903
371 822
367 968
169 427
60 384
384 2
293 497
504 200
958 774
825 530
463 636
80 923
544 125
546 215
211 840
841 365
94 563
186 461
530 706
239 941
442 622
294 734
470 797
285 779
922 109
308 385
97 387
659 640
512 557
206 722
396 398
439 490
960 976
302 841
682 892
782 123
513 427
856 334
576 492
112 497
953 771
233 49
158 244
40 21
800 245
94 195
643 884
36 954
860 689
795 541
580 928
15 444
354 222
129 281
713 592
130 665
363 362
65 520
605 104
892 756
349 337
303 343
221 690
296 80
379 442
972 310
369 338
754 75
559 882
355 623
474 484
640 836
198 704
707 154
808 950
910 156
638 564
850 858
253 497
289 631
939 612
941 307
949 46
381 859
279 88
482 104
571 473
939 120
176 997
274 983
298 535
490 936
98 339
145 350
836 434
333 774
397 625
432 698
22 165
556 300
252 389
404 174
861 694
294 37
43 919
371 340
805 861
275 902
199 420
603 386
205 287
511 601
263 943
650 284
459 558
L L L R R R L L R L L R L L R L R L R L R R L L L R L R L L L R R L R R L R R L L L L R L R R L L R R L L R R R R L R L R R R R L R L R R L L R R R R L R R L L L L L R L L R L L R L L R L R L L L L R R R R R L R R L L L L R R R R R L R L R R R R L L R R L L R L L R L L L L L L R R R R L R R L L R R R L L R R R R R L L R R R L L L R L L L L L L R R L R L L L R L R L L R L L R L R L L R R L L R R R R L R L L R L R R R L R L L L R L R L L L L R L L R R R L R L L L L R L L L L L L R L R L R R R L L L R R R L L R L R L L L R L R L R L R L L R L R R R L L R R R L R L L R R R L R L L L R R L L R L L L R L R R R R L L R L L L R R L R L L L L R R L R R R L R L L L L R L R R L L L L L L L L L R L R L R R L L L R L L L R L R L R L L R L R R L R L R L R L L L R R L R L R L L R R L R L L L R R R R R L R L L L L R L R L R R L R R R R L R R R L R L R R L L R R L L R R R R L R L L L R R R R R L R R L L R R L L R L L L R L R L L R R L L R L L R L L R L L L L L R R L R R L L L R R L L L L R L L R L L L
