200
53
25
9
69
50
89
27
68
26
86
79
35
25
96
42
96
57
31
55
38
5
27
19
53
86
84
26
27
35
19
24
87
48
73
14
19
76
1
65
17
58
33
39
79
79
73
86
52
97
75
88
72
72
56
40
94
88
6
12
97
30
14
32
64
16
61
90
49
75
44
29
43
50
95
31
92
100
77
6
53
69
92
34
60
0
62
81
68
60
6
82
42
71
85
78
26
54
39
75
41
56
72
76
51
43
37
64
0
31
47
63
92
20
0
100
43
50
69
15
82
1
55
75
72
3
17
60
0
35
72
66
38
41
100
85
100
52
22
49
26
57
71
83
73
66
32
76
96
50
13
27
6
49
89
75
85
8
11
2
83
25
14
9
61
52
89
71
76
86
64
1
90
33
47
85
40
80
10
59
41
30
48
54
42
39
25
85
71
16
25
98
51
39
13
95
34
95
70
21
79