200 47619
1602
98
2903
3318
493
1653
757
2302
281
4287
4442
3866
4690
3445
1620
3441
4730
3032
3118
3098
772
4482
676
710
3928
4568
2857
4498
2354
4587
1966
307
4684
1220
3625
1529
2872
733
3830
4504
20
3271
3369
4709
1716
1341
3150
2797
724
2619
2246
2847
3452
2922
3556
2380
2489
2765
3229
4842
2351
194
1501
2035
2765
125
4915
1988
857
3744
1492
2228
3366
4860
1937
1433
2552
1438
4229
3276
408
1475
1122
3859
4396
1030
1238
3236
3794
819
4429
1144
1012
929
4530
3777
2405
4444
764
4614
4539
3607
1841
2905
4819
129
689
2370
2918
4918
1997
3325
2744
4471
2184
3491
500
4773
1726
645
591
2506
3140
2955
4787
2670
3083
3543
3465
198
4508
4356
3805
1349
3612
3623
2829
4300
2344
747
569
4341
423
3312
3811
2606
1802
662
3731
4879
1306
4321
3737
4445
3627
3523
3466
1709
3417
3283
3259
2925
2638
2063
625
2601
2037
3453
1900
4380
551
2469
72
974
2132
3882
4931
3934
895
3661
164
2200
2982
3900
2997
2960
3774
2814
4669
2191
1096
2927
1467
85
1341
2091
2685
3377
543
937
