1
1
400
3992 4000 3972 3980 3952 3960 3932 3940 3912 3920 3892 3900 3872
3880 3852 3860 3832 3840 3812 3820 3792 3800 3772 3780 3752 3760
3732 3740 3712 3720 3692 3700 3672 3680 3652 3660 3632 3640 3612
3620 3592 3600 3572 3580 3552 3560 3532 3540 3512 3520 3492 3500
3472 3480 3452 3460 3432 3440 3412 3420 3392 3400 3372 3380 3352
3360 3332 3340 3312 3320 3292 3300 3272 3280 3252 3260 3232 3240
3212 3220 3192 3200 3172 3180 3152 3160 3132 3140 3112 3120 3092
3100 3072 3080 3052 3060 3032 3040 3012 3020 2992 3000 2972 2980
2952 2960 2932 2940 2912 2920 2892 2900 2872 2880 2852 2860 2832
2840 2812 2820 2792 2800 2772 2780 2752 2760 2732 2740 2712 2720
2692 2700 2672 2680 2652 2660 2632 2640 2612 2620 2592 2600 2572
2580 2552 2560 2532 2540 2512 2520 2492 2500 2472 2480 2452 2460
2432 2440 2412 2420 2392 2400 2372 2380 2352 2360 2332 2340 2312
2320 2292 2300 2272 2280 2252 2260 2232 2240 2212 2220 2192 2200
2172 2180 2152 2160 2132 2140 2112 2120 2092 2100 2072 2080 2052
2060 2032 2040 2012 2020 1992 2000 1972 1980 1952 1960 1932 1940
1912 1920 1892 1900 1872 1880 1852 1860 1832 1840 1812 1820 1792
1800 1772 1780 1752 1760 1732 1740 1712 1720 1692 1700 1672 1680
1652 1660 1632 1640 1612 1620 1592 1600 1572 1580 1552 1560 1532
1540 1512 1520 1492 1500 1472 1480 1452 1460 1432 1440 1412 1420
1392 1400 1372 1380 1352 1360 1332 1340 1312 1320 1292 1300 1272
1280 1252 1260 1232 1240 1212 1220 1192 1200 1172 1180 1152 1160
1132 1140 1112 1120 1092 1100 1072 1080 1052 1060 1032 1040 1012
1020 992 1000 972 980 952 960 932 940 912 920 892 900 872 880 852
860 832 840 812 820 792 800 772 780 752 760 732 740 712 720 692
700 672 680 652 660 632 640 612 620 592 600 572 580 552 560 532
540 512 520 492 500 472 480 452 460 432 440 412 420 392 400 372 380
352 360 332 340 312 320 292 300 272 280 252 260 232 240 212 220 192
200 172 180 152 160 132 140 112 120 92 100 72 80 52 60 32 40 12 20
800
771 777 686 725 854 670 423 625 665 119
154 960 471 718 837 811 157 627 891 235
649 507 509 642 275 672 252 491 710 929
321 478 703 5 202 558 677 628 186 347
752 346 315 232 73 163 54 242 803 9
492 469 484 20 130 779 714 405 294 448
359 642 16 90 677 186 679 387 848 899
769 637 282 123 908 396 327 5 682 175
10 221 692 542 290 873 373 56 331 722
560 746 421 572 896 158 820 638 608 733
602 444 437 56 636 416 421 36 494 177
287 581 475 57 203 846 11 658 104 426
465 632 260 98 294 246 224 207 105 56
35 676 468 571 729 205 88 252 344 686
535 737 375 118 48 688 75 27 460 175
569 42 77 100 136 339 315 483 669 417
535 831 220 132 531 80 468 751 466 116
573 137 822 86 395 41 92 612 37 520
113 752 709 6 33 180 497 316 632 321
78 323 309 267 615 1 508 246 114 139
358 655 443 349 115 8 387 206 2 599
695 114 528 582 89 558 759 769 57 575
275 131 86 773 588 116 192 289 330 76
623 116 161 264 433 41 474 23 243 473
67 145 583 564 180 128 333 155 114 604
698 358 205 2 351 17 114 539 274 668
100 123 42 261 617 444 270 324 701 17
32 35 130 127 568 307 255 143 458 89
273 402 694 195 653 295 209 20 88 26
234 184 118 276 442 291 689 271 583 654
287 183 686 386 5 524 270 257 249 5
621 211 375 594 686 309 171 177 613 543
199 164 14 606 116 72 219 97 14 100
46 298 282 31 317 256 192 249 154 102
251 85 620 277 647 616 555 130 107 483
338 623 643 321 548 79 389 121 500 87
220 234 353 139 233 32 93 421 250 246
229 208 331 190 111 321 151 8 420 226
216 136 197 211 426 95 259 168 213 113
251 429 344 356 322 332 387 17 120 4
260 348 211 587 133 290 311 281 80 108
293 296 244 458 92 53 351 151 189 532
233 248 349 388 179 92 293 563 77 409
563 164 186 204 154 287 463 27 410 539
132 261 274 372 129 335 421 476 482 25
424 132 270 191 516 325 280 232 314 241
67 307 404 249 46 93 434 409 21 374
387 121 73 187 406 118 439 273 41 369
267 433 470 468 74 436 306 293 122 106
43 137 412 444 354 427 494 281 330 16
124 215 106 166 376 7 281 308 276 318
183 20 229 135 485 298 55 273 73 146
376 123 279 307 60 124 228 27 401 29
68 53 274 173 188 114 148 508 464 468
334 105 456 74 236 451 372 288 238 413
500 130 84 301 434 144 393 215 139 319
213 203 368 46 372 87 129 53 159 158
87 492 232 85 566 9 81 360 419 287
318 338 547 399 219 534 125 167 161 233
44 521 585 381 567 521 29 262 140 185
420 227 276 223 311 236 201 392 170 226
257 65 144 191 44 362 337 166 529 85
604 573 606 189 546 173 83 171 434 220
324 223 75 229 76 386 70 246 139 209
108 34 523 251 193 180 613 173 315 141
258 566 61 211 100 259 37 463 429 471
311 383 324 385 612 399 104 15 281 547
529 389 580 51 639 416 231 251 589 193
391 166 77 104 26 513 362 60 287 102
217 285 174 540 670 90 243 440 466 220
286 294 608 565 45 246 275 276 497 570
469 177 416 227 277 126 24 352 154 714
143 88 277 316 628 668 101 566 107 567
55 92 561 392 657 606 638 638 143 134
207 350 21 622 577 12 1 316 364 619
29 506 707 27 68 334 695 165 141 42
489 684 130 49 76 549 654 713 186 535
77 392 112 95 14 460 103 761 775 242
379 23 748 86 47 569 419 525 491 318
325 188 1 217 27 76 766 681 789 152

500
26 8 50 59 2 43 24 2 28 38
42 6 47 36 59 59 15 22 17 53
3 55 8 58 12 56 2 38 60 29
1 25 36 51 23 37 33 47 39 1
24 20 6 11 56 4 10 10 26 27
3 28 21 11 26 33 6 27 10 6
55 11 30 30 1 53 6 34 39 45
35 3 4 40 13 60 44 23 10 9
49 12 37 9 22 2 42 28 28 52
33 22 2 2 52 3 55 57 37 33
41 11 36 45 51 48 45 34 11 54
43 59 6 20 8 28 22 50 55 49
41 27 11 43 29 2 46 24 59 23
56 40 33 31 25 24 19 9 57 29
3 40 28 8 59 36 35 20 25 30
9 5 56 20 48 25 22 33 48 21
55 44 60 28 15 25 51 33 33 48
2 36 28 29 43 27 4 18 46 29
47 55 34 42 15 21 7 37 54 55
57 49 38 57 17 53 21 8 25 54
55 26 29 22 55 12 48 59 29 34
28 15 29 1 57 44 22 3 20 15
58 16 4 36 12 20 28 33 27 53
26 22 19 55 44 13 6 32 12 34
5 39 49 34 40 45 17 1 48 36
15 45 52 19 21 4 38 48 36 4
41 2 25 59 56 8 12 2 39 24
35 44 2 23 18 42 8 35 42 55
11 57 40 2 15 60 5 52 48 40
56 28 42 21 27 37 29 38 38 8
1 13 51 3 36 9 44 43 43 25
37 53 22 17 55 36 16 60 28 4
40 24 32 21 44 58 57 12 35 35
19 36 47 10 38 22 19 21 5 2
46 42 55 7 58 49 43 13 48 10
17 27 33 48 47 17 45 44 29 19
18 47 54 5 57 32 27 16 52 31
17 38 12 11 44 9 59 27 22 47
36 38 14 9 25 60 25 9 44 53
28 1 40 22 6 37 53 32 53 45
2 9 23 14 20 7 23 19 33 44
5 9 22 18 17 46 18 42 55 1
35 23 2 15 45 7 51 38 38 44
23 40 52 45 53 11 51 15 29 23
59 34 31 20 52 48 6 9 29 60
9 4 23 11 18 7 17 9 44 54
52 6 33 44 50 26 55 41 41 24
3 39 57 34 59 48 21 4 57 50
3 6 54 26 16 11 32 32 20 16
26 12 21 59 55 11 25 49 51 5
12
68 69 54 64 68 64 70 67
78 62 98 87
10
1 2 3 4 5 6 7 8 9 10
20
1 16 17 18 20 10 22 22 8 17
26 14 3 24 8 1 2 21 2 17